X = [
    0.000000000     0.000000000
    0.000000000     1.000000000
    1.000000000     0.000000000
    1.000000000     1.000000000
    2.000000000     0.000000000
    2.000000000     1.000000000
    3.000000000     0.000000000
    3.000000000     1.000000000
    4.000000000     0.000000000
    4.000000000     1.000000000
    5.000000000     0.000000000
    5.000000000     1.000000000
];

IX = [
     1      3      4      2
     3      5      6      4
     5      7      8      6
     7      9     10      8
     9     11     12     10
];
vect = [
   673.60872141231926       -133.60872141223302       0.41899061250419539     
   528.90437438212120       -108.90437438205674       0.42598316358663679     
   384.30749027725471       -84.307490277212452       0.43802902529909837     
   240.00000000002893       -60.000000000007788       0.46364760900080793     
   97.082039325002683       -37.082039324996998       0.55357435889704443     
];
