X = [
    0.000000000     0.000000000
    0.000000000     1.000000000
    1.000000000     0.000000000
    1.000000000     1.000000000
    2.000000000     0.000000000
    2.000000000     1.000000000
    3.000000000     0.000000000
    3.000000000     1.000000000
    4.000000000     0.000000000
    4.000000000     1.000000000
    5.000000000     0.000000000
    5.000000000     1.000000000
];

IX = [
     1      3      4      2
     3      5      6      4
     5      7      8      6
     7      9     10      8
     9     11     12     10
];
plotval = [
             749.399759807928035
             590.931468107857881
             432.666153055741233
             274.954541697383888
             120.000000000011028
];
