X = [
    0.000000000     0.000000000
    0.000000000     1.000000000
    1.000000000     0.000000000
    1.000000000     1.000000000
    2.000000000     0.000000000
    2.000000000     1.000000000
    3.000000000     0.000000000
    3.000000000     1.000000000
    4.000000000     0.000000000
    4.000000000     1.000000000
    5.000000000     0.000000000
    5.000000000     1.000000000
];

IX = [
     1      3      4      2
     3      5      6      4
     5      7      8      6
     7      9     10      8
     9     11     12     10
];
D = [
    0.000000000
    0.000000000
    0.000000000
    0.000000000
 -540.000000000
 -600.000000000
  540.000000000
 -600.000000000
 -960.000000000
-2160.000000000
  960.000000000
-2160.000000000
-1260.000000000
-4440.000000001
 1260.000000000
-4440.000000001
-1440.000000000
-7200.000000001
 1440.000000000
-7200.000000001
-1500.000000000
***************
 1500.000000000
***************
];
