X = [
    0.000000000     0.000000000
    0.000000000     0.250000000
    0.000000000     0.500000000
    0.000000000     0.750000000
    0.000000000     1.000000000
    0.250000000     0.000000000
    0.250000000     0.250000000
    0.250000000     0.500000000
    0.250000000     0.750000000
    0.250000000     1.000000000
    0.500000000     0.000000000
    0.500000000     0.250000000
    0.500000000     0.500000000
    0.500000000     0.750000000
    0.500000000     1.000000000
    0.750000000     0.000000000
    0.750000000     0.250000000
    0.750000000     0.500000000
    0.750000000     0.750000000
    0.750000000     1.000000000
    1.000000000     0.000000000
    1.000000000     0.250000000
    1.000000000     0.500000000
    1.000000000     0.750000000
    1.000000000     1.000000000
    1.250000000     0.000000000
    1.250000000     0.250000000
    1.250000000     0.500000000
    1.250000000     0.750000000
    1.250000000     1.000000000
    1.500000000     0.000000000
    1.500000000     0.250000000
    1.500000000     0.500000000
    1.500000000     0.750000000
    1.500000000     1.000000000
    1.750000000     0.000000000
    1.750000000     0.250000000
    1.750000000     0.500000000
    1.750000000     0.750000000
    1.750000000     1.000000000
    2.000000000     0.000000000
    2.000000000     0.250000000
    2.000000000     0.500000000
    2.000000000     0.750000000
    2.000000000     1.000000000
    2.250000000     0.000000000
    2.250000000     0.250000000
    2.250000000     0.500000000
    2.250000000     0.750000000
    2.250000000     1.000000000
    2.500000000     0.000000000
    2.500000000     0.250000000
    2.500000000     0.500000000
    2.500000000     0.750000000
    2.500000000     1.000000000
    2.750000000     0.000000000
    2.750000000     0.250000000
    2.750000000     0.500000000
    2.750000000     0.750000000
    2.750000000     1.000000000
    3.000000000     0.000000000
    3.000000000     0.250000000
    3.000000000     0.500000000
    3.000000000     0.750000000
    3.000000000     1.000000000
    3.250000000     0.000000000
    3.250000000     0.250000000
    3.250000000     0.500000000
    3.250000000     0.750000000
    3.250000000     1.000000000
    3.500000000     0.000000000
    3.500000000     0.250000000
    3.500000000     0.500000000
    3.500000000     0.750000000
    3.500000000     1.000000000
    3.750000000     0.000000000
    3.750000000     0.250000000
    3.750000000     0.500000000
    3.750000000     0.750000000
    3.750000000     1.000000000
    4.000000000     0.000000000
    4.000000000     0.250000000
    4.000000000     0.500000000
    4.000000000     0.750000000
    4.000000000     1.000000000
    4.250000000     0.000000000
    4.250000000     0.250000000
    4.250000000     0.500000000
    4.250000000     0.750000000
    4.250000000     1.000000000
    4.500000000     0.000000000
    4.500000000     0.250000000
    4.500000000     0.500000000
    4.500000000     0.750000000
    4.500000000     1.000000000
    4.750000000     0.000000000
    4.750000000     0.250000000
    4.750000000     0.500000000
    4.750000000     0.750000000
    4.750000000     1.000000000
    5.000000000     0.000000000
    5.000000000     0.250000000
    5.000000000     0.500000000
    5.000000000     0.750000000
    5.000000000     1.000000000
];

IX = [
     1      6      7      2
     2      7      8      3
     3      8      9      4
     4      9     10      5
     6     11     12      7
     7     12     13      8
     8     13     14      9
     9     14     15     10
    11     16     17     12
    12     17     18     13
    13     18     19     14
    14     19     20     15
    16     21     22     17
    17     22     23     18
    18     23     24     19
    19     24     25     20
    21     26     27     22
    22     27     28     23
    23     28     29     24
    24     29     30     25
    26     31     32     27
    27     32     33     28
    28     33     34     29
    29     34     35     30
    31     36     37     32
    32     37     38     33
    33     38     39     34
    34     39     40     35
    36     41     42     37
    37     42     43     38
    38     43     44     39
    39     44     45     40
    41     46     47     42
    42     47     48     43
    43     48     49     44
    44     49     50     45
    46     51     52     47
    47     52     53     48
    48     53     54     49
    49     54     55     50
    51     56     57     52
    52     57     58     53
    53     58     59     54
    54     59     60     55
    56     61     62     57
    57     62     63     58
    58     63     64     59
    59     64     65     60
    61     66     67     62
    62     67     68     63
    63     68     69     64
    64     69     70     65
    66     71     72     67
    67     72     73     68
    68     73     74     69
    69     74     75     70
    71     76     77     72
    72     77     78     73
    73     78     79     74
    74     79     80     75
    76     81     82     77
    77     82     83     78
    78     83     84     79
    79     84     85     80
    81     86     87     82
    82     87     88     83
    83     88     89     84
    84     89     90     85
    86     91     92     87
    87     92     93     88
    88     93     94     89
    89     94     95     90
    91     96     97     92
    92     97     98     93
    93     98     99     94
    94     99    100     95
    96    101    102     97
    97    102    103     98
    98    103    104     99
    99    104    105    100
];
