% Created with:       FlExtract v1.13
% Element type:       truss
% Number of nodes:    142
% Number of elements: 6618

%clear all

eta = 0.53;
p = 1.5;
V_star = 6;
iopt_max = 100;
rho_min = 1e-6;
epsilon = 1e-5;
P = 0.01;

% Node coordinates: x, y
X = [
0	0
0	0.166667
0	0.333333
0	0.5
0	0.666667
0	0.833333
0	1
0.0833333	0
0.0833333	0.166667
0.0833333	0.333333
0.0833333	0.5
0.0833333	0.666667
0.0833333	0.833333
0.0833333	1
0.166667	0
0.166667	0.166667
0.166667	0.333333
0.166667	0.5
0.166667	0.666667
0.166667	0.833333
0.166667	1
0.25	0
0.25	0.166667
0.25	0.333333
0.25	0.5
0.25	0.666667
0.25	0.833333
0.25	1
0.333333	0
0.333333	0.166667
0.333333	0.333333
0.333333	0.5
0.333333	0.666667
0.333333	0.833333
0.333333	1
0.416667	0
0.416667	0.166667
0.416667	0.333333
0.416667	0.5
0.416667	0.666667
0.416667	0.833333
0.416667	1
0.5	0
0.5	0.166667
0.5	0.333333
0.5	0.5
0.5	0.666667
0.5	0.833333
0.5	1
0.583333	0.5
0.583333	0.666667
0.583333	0.833333
0.583333	1
0.666667	0.5
0.666667	0.666667
0.666667	0.833333
0.666667	1
0.75	0.5
0.75	0.666667
0.75	0.833333
0.75	1
0.833333	0.5
0.833333	0.666667
0.833333	0.833333
0.833333	1
0.916667	0.5
0.916667	0.666667
0.916667	0.833333
0.916667	1
1	0.5
1	0.666667
1	0.833333
1	1
1.08333	0.5
1.08333	0.666667
1.08333	0.833333
1.08333	1
1.16667	0.5
1.16667	0.666667
1.16667	0.833333
1.16667	1
1.25	0.5
1.25	0.666667
1.25	0.833333
1.25	1
1.33333	0.5
1.33333	0.666667
1.33333	0.833333
1.33333	1
1.41667	0.5
1.41667	0.666667
1.41667	0.833333
1.41667	1
1.5	0
1.5	0.166667
1.5	0.333333
1.5	0.5
1.5	0.666667
1.5	0.833333
1.5	1
1.58333	0
1.58333	0.166667
1.58333	0.333333
1.58333	0.5
1.58333	0.666667
1.58333	0.833333
1.58333	1
1.66667	0
1.66667	0.166667
1.66667	0.333333
1.66667	0.5
1.66667	0.666667
1.66667	0.833333
1.66667	1
1.75	0
1.75	0.166667
1.75	0.333333
1.75	0.5
1.75	0.666667
1.75	0.833333
1.75	1
1.83333	0
1.83333	0.166667
1.83333	0.333333
1.83333	0.5
1.83333	0.666667
1.83333	0.833333
1.83333	1
1.91667	0
1.91667	0.166667
1.91667	0.333333
1.91667	0.5
1.91667	0.666667
1.91667	0.833333
1.91667	1
2	0
2	0.166667
2	0.333333
2	0.5
2	0.666667
2	0.833333
2	1
];
% Element connectivity: node1_id, node2_id, material_id
IX = [
2	1	1
3	1	1
4	1	1
5	1	1
6	1	1
7	1	1
8	1	1
9	1	1
10	1	1
11	1	1
12	1	1
13	1	1
14	1	1
15	1	1
16	1	1
17	1	1
18	1	1
19	1	1
20	1	1
21	1	1
22	1	1
23	1	1
24	1	1
25	1	1
26	1	1
27	1	1
28	1	1
29	1	1
30	1	1
31	1	1
32	1	1
33	1	1
34	1	1
35	1	1
36	1	1
37	1	1
38	1	1
39	1	1
40	1	1
41	1	1
42	1	1
43	1	1
44	1	1
45	1	1
46	1	1
47	1	1
48	1	1
49	1	1
51	1	1
52	1	1
53	1	1
55	1	1
56	1	1
57	1	1
60	1	1
61	1	1
64	1	1
65	1	1
69	1	1
73	1	1
3	2	1
4	2	1
5	2	1
6	2	1
7	2	1
8	2	1
9	2	1
10	2	1
11	2	1
12	2	1
13	2	1
14	2	1
15	2	1
16	2	1
17	2	1
18	2	1
19	2	1
20	2	1
21	2	1
22	2	1
23	2	1
24	2	1
25	2	1
26	2	1
27	2	1
28	2	1
29	2	1
30	2	1
31	2	1
32	2	1
33	2	1
34	2	1
35	2	1
36	2	1
37	2	1
38	2	1
39	2	1
40	2	1
41	2	1
42	2	1
43	2	1
44	2	1
45	2	1
46	2	1
47	2	1
48	2	1
49	2	1
51	2	1
52	2	1
53	2	1
55	2	1
56	2	1
57	2	1
59	2	1
60	2	1
61	2	1
64	2	1
65	2	1
68	2	1
69	2	1
72	2	1
73	2	1
77	2	1
81	2	1
85	2	1
4	3	1
5	3	1
6	3	1
7	3	1
8	3	1
9	3	1
10	3	1
11	3	1
12	3	1
13	3	1
14	3	1
15	3	1
16	3	1
17	3	1
18	3	1
19	3	1
20	3	1
21	3	1
22	3	1
23	3	1
24	3	1
25	3	1
26	3	1
27	3	1
28	3	1
29	3	1
30	3	1
31	3	1
32	3	1
33	3	1
34	3	1
35	3	1
36	3	1
37	3	1
38	3	1
39	3	1
40	3	1
41	3	1
42	3	1
43	3	1
44	3	1
45	3	1
46	3	1
47	3	1
48	3	1
49	3	1
51	3	1
52	3	1
53	3	1
55	3	1
56	3	1
57	3	1
59	3	1
60	3	1
61	3	1
63	3	1
64	3	1
65	3	1
67	3	1
68	3	1
69	3	1
71	3	1
72	3	1
73	3	1
76	3	1
77	3	1
80	3	1
81	3	1
84	3	1
85	3	1
88	3	1
89	3	1
92	3	1
5	4	1
6	4	1
7	4	1
8	4	1
9	4	1
10	4	1
11	4	1
12	4	1
13	4	1
14	4	1
15	4	1
16	4	1
17	4	1
18	4	1
19	4	1
20	4	1
21	4	1
22	4	1
23	4	1
24	4	1
25	4	1
26	4	1
27	4	1
28	4	1
29	4	1
30	4	1
31	4	1
32	4	1
33	4	1
34	4	1
35	4	1
36	4	1
37	4	1
38	4	1
39	4	1
40	4	1
41	4	1
42	4	1
43	4	1
44	4	1
45	4	1
46	4	1
47	4	1
48	4	1
49	4	1
50	4	1
51	4	1
52	4	1
53	4	1
54	4	1
55	4	1
56	4	1
57	4	1
58	4	1
59	4	1
60	4	1
61	4	1
62	4	1
63	4	1
64	4	1
65	4	1
66	4	1
67	4	1
68	4	1
69	4	1
70	4	1
71	4	1
72	4	1
73	4	1
74	4	1
75	4	1
76	4	1
77	4	1
78	4	1
79	4	1
80	4	1
81	4	1
82	4	1
83	4	1
84	4	1
85	4	1
86	4	1
87	4	1
88	4	1
89	4	1
90	4	1
91	4	1
92	4	1
93	4	1
97	4	1
98	4	1
99	4	1
6	5	1
7	5	1
8	5	1
9	5	1
10	5	1
11	5	1
12	5	1
13	5	1
14	5	1
15	5	1
16	5	1
17	5	1
18	5	1
19	5	1
20	5	1
21	5	1
22	5	1
23	5	1
24	5	1
25	5	1
26	5	1
27	5	1
28	5	1
29	5	1
30	5	1
31	5	1
32	5	1
33	5	1
34	5	1
35	5	1
36	5	1
37	5	1
38	5	1
39	5	1
40	5	1
41	5	1
42	5	1
43	5	1
44	5	1
45	5	1
46	5	1
47	5	1
48	5	1
49	5	1
50	5	1
51	5	1
52	5	1
53	5	1
54	5	1
55	5	1
56	5	1
57	5	1
58	5	1
59	5	1
60	5	1
61	5	1
62	5	1
63	5	1
64	5	1
65	5	1
66	5	1
67	5	1
68	5	1
69	5	1
70	5	1
71	5	1
72	5	1
73	5	1
74	5	1
75	5	1
76	5	1
77	5	1
78	5	1
79	5	1
80	5	1
81	5	1
82	5	1
83	5	1
84	5	1
85	5	1
86	5	1
87	5	1
88	5	1
89	5	1
90	5	1
91	5	1
92	5	1
93	5	1
97	5	1
98	5	1
99	5	1
100	5	1
7	6	1
8	6	1
9	6	1
10	6	1
11	6	1
12	6	1
13	6	1
14	6	1
15	6	1
16	6	1
17	6	1
18	6	1
19	6	1
20	6	1
21	6	1
22	6	1
23	6	1
24	6	1
25	6	1
26	6	1
27	6	1
28	6	1
29	6	1
30	6	1
31	6	1
32	6	1
33	6	1
34	6	1
35	6	1
36	6	1
37	6	1
38	6	1
39	6	1
40	6	1
41	6	1
42	6	1
43	6	1
44	6	1
45	6	1
46	6	1
47	6	1
48	6	1
49	6	1
50	6	1
51	6	1
52	6	1
53	6	1
54	6	1
55	6	1
56	6	1
57	6	1
58	6	1
59	6	1
60	6	1
61	6	1
62	6	1
63	6	1
64	6	1
65	6	1
66	6	1
67	6	1
68	6	1
69	6	1
70	6	1
71	6	1
72	6	1
73	6	1
74	6	1
75	6	1
76	6	1
77	6	1
78	6	1
79	6	1
80	6	1
81	6	1
82	6	1
83	6	1
84	6	1
85	6	1
86	6	1
87	6	1
88	6	1
89	6	1
90	6	1
91	6	1
92	6	1
93	6	1
97	6	1
98	6	1
99	6	1
100	6	1
8	7	1
9	7	1
10	7	1
11	7	1
12	7	1
13	7	1
14	7	1
15	7	1
16	7	1
17	7	1
18	7	1
19	7	1
20	7	1
21	7	1
22	7	1
23	7	1
24	7	1
25	7	1
26	7	1
27	7	1
28	7	1
29	7	1
30	7	1
31	7	1
32	7	1
33	7	1
34	7	1
35	7	1
36	7	1
37	7	1
38	7	1
39	7	1
40	7	1
41	7	1
42	7	1
43	7	1
44	7	1
45	7	1
46	7	1
47	7	1
48	7	1
49	7	1
50	7	1
51	7	1
52	7	1
53	7	1
54	7	1
55	7	1
56	7	1
57	7	1
58	7	1
59	7	1
60	7	1
61	7	1
62	7	1
63	7	1
64	7	1
65	7	1
66	7	1
67	7	1
68	7	1
69	7	1
70	7	1
71	7	1
72	7	1
73	7	1
74	7	1
75	7	1
76	7	1
77	7	1
78	7	1
79	7	1
80	7	1
81	7	1
82	7	1
83	7	1
84	7	1
85	7	1
86	7	1
87	7	1
88	7	1
89	7	1
90	7	1
91	7	1
92	7	1
93	7	1
98	7	1
99	7	1
100	7	1
9	8	1
10	8	1
11	8	1
12	8	1
13	8	1
14	8	1
15	8	1
16	8	1
17	8	1
18	8	1
19	8	1
20	8	1
21	8	1
22	8	1
23	8	1
24	8	1
25	8	1
26	8	1
27	8	1
28	8	1
29	8	1
30	8	1
31	8	1
32	8	1
33	8	1
34	8	1
35	8	1
36	8	1
37	8	1
38	8	1
39	8	1
40	8	1
41	8	1
42	8	1
43	8	1
44	8	1
45	8	1
46	8	1
47	8	1
48	8	1
49	8	1
51	8	1
52	8	1
53	8	1
56	8	1
57	8	1
60	8	1
61	8	1
65	8	1
69	8	1
10	9	1
11	9	1
12	9	1
13	9	1
14	9	1
15	9	1
16	9	1
17	9	1
18	9	1
19	9	1
20	9	1
21	9	1
22	9	1
23	9	1
24	9	1
25	9	1
26	9	1
27	9	1
28	9	1
29	9	1
30	9	1
31	9	1
32	9	1
33	9	1
34	9	1
35	9	1
36	9	1
37	9	1
38	9	1
39	9	1
40	9	1
41	9	1
42	9	1
43	9	1
44	9	1
45	9	1
46	9	1
47	9	1
48	9	1
49	9	1
51	9	1
52	9	1
53	9	1
55	9	1
56	9	1
57	9	1
60	9	1
61	9	1
64	9	1
65	9	1
68	9	1
69	9	1
73	9	1
77	9	1
11	10	1
12	10	1
13	10	1
14	10	1
15	10	1
16	10	1
17	10	1
18	10	1
19	10	1
20	10	1
21	10	1
22	10	1
23	10	1
24	10	1
25	10	1
26	10	1
27	10	1
28	10	1
29	10	1
30	10	1
31	10	1
32	10	1
33	10	1
34	10	1
35	10	1
36	10	1
37	10	1
38	10	1
39	10	1
40	10	1
41	10	1
42	10	1
43	10	1
44	10	1
45	10	1
46	10	1
47	10	1
48	10	1
49	10	1
51	10	1
52	10	1
53	10	1
