% Created with:       FlExtract v1.13
% Element type:       truss
% Number of nodes:    24
% Number of elements: 183

%clear all

eta = 0.53;
p = 1.5;
V_star = 6;
iopt_max = 100;
rho_min = 1e-6;
epsilon = 1e-5;
P = 0.01;

% Node coordinates: x, y
X = [
0	0
0	0.5
0	1
0.25	0
0.25	0.5
0.25	1
0.5	0
0.5	0.5
0.5	1
0.75	0.5
0.75	1
1	0.5
1	1
1.25	0.5
1.25	1
1.5	0
1.5	0.5
1.5	1
1.75	0
1.75	0.5
1.75	1
2	0
2	0.5
2	1
];
% Element connectivity: node1_id, node2_id, material_id
IX = [
2	1	1
3	1	1
4	1	1
5	1	1
6	1	1
7	1	1
8	1	1
9	1	1
11	1	1
13	1	1
3	2	1
4	2	1
5	2	1
6	2	1
7	2	1
8	2	1
9	2	1
10	2	1
11	2	1
12	2	1
13	2	1
14	2	1
15	2	1
17	2	1
4	3	1
5	3	1
6	3	1
7	3	1
8	3	1
9	3	1
10	3	1
11	3	1
12	3	1
13	3	1
14	3	1
15	3	1
18	3	1
5	4	1
6	4	1
7	4	1
8	4	1
9	4	1
11	4	1
6	5	1
7	5	1
8	5	1
9	5	1
10	5	1
11	5	1
12	5	1
13	5	1
14	5	1
15	5	1
17	5	1
18	5	1
20	5	1
7	6	1
8	6	1
9	6	1
10	6	1
11	6	1
12	6	1
13	6	1
14	6	1
15	6	1
17	6	1
18	6	1
21	6	1
8	7	1
9	7	1
9	8	1
10	8	1
11	8	1
12	8	1
13	8	1
14	8	1
15	8	1
17	8	1
18	8	1
20	8	1
21	8	1
23	8	1
10	9	1
11	9	1
12	9	1
13	9	1
14	9	1
15	9	1
17	9	1
18	9	1
20	9	1
21	9	1
24	9	1
11	10	1
12	10	1
13	10	1
14	10	1
15	10	1
17	10	1
18	10	1
20	10	1
21	10	1
23	10	1
24	10	1
12	11	1
13	11	1
14	11	1
15	11	1
17	11	1
18	11	1
20	11	1
21	11	1
23	11	1
24	11	1
13	12	1
14	12	1
15	12	1
17	12	1
18	12	1
20	12	1
21	12	1
23	12	1
24	12	1
14	13	1
15	13	1
17	13	1
18	13	1
20	13	1
21	13	1
22	13	1
23	13	1
24	13	1
15	14	1
17	14	1
18	14	1
20	14	1
21	14	1
23	14	1
24	14	1
17	15	1
18	15	1
19	15	1
20	15	1
21	15	1
22	15	1
23	15	1
24	15	1
17	16	1
18	16	1
19	16	1
20	16	1
21	16	1
22	16	1
23	16	1
24	16	1
18	17	1
19	17	1
20	17	1
21	17	1
22	17	1
23	17	1
24	17	1
19	18	1
20	18	1
21	18	1
22	18	1
23	18	1
24	18	1
20	19	1
21	19	1
22	19	1
23	19	1
24	19	1
21	20	1
22	20	1
23	20	1
24	20	1
22	21	1
23	21	1
24	21	1
23	22	1
24	22	1
24	23	1
];
% Element properties: Young's modulus, area
mprop = [
1	1
2	2
];
% Nodal diplacements: node_id, degree of freedom (1 - x, 2 - y), displacement
bound = [
1	1	0
1	2	0
4	1	0
4	2	0
7	1	0
7	2	0
16	1	0
16	2	0
19	1	0
19	2	0
22	1	0
22	2	0
];
% Nodal loads: node_id, degree of freedom (1 - x, 2 - y), load
loads = [
10	2	-0.01
];
% Control parameters
plotdof = 2;
