% Created with:       FlExtract v1.13
% Element type:       truss
% Number of nodes:    543
% Number of elements: 1982

%clear all

eta = 0.5;
p = 1.5;
V_star = 6;
iopt_max = 100;
rho_min = 1e-6;
epsilon = 1e-5;

% Node coordinates: x, y
X = [
0	0
0	0.05
0	0.1
0	0.15
0	0.2
0	0.25
0	0.3
0	0.35
0	0.4
0	0.45
0	0.5
0	0.55
0	0.6
0	0.65
0	0.7
0	0.75
0	0.8
0	0.85
0	0.9
0	0.95
0	1
0.0625	0
0.0625	0.05
0.0625	0.1
0.0625	0.15
0.0625	0.2
0.0625	0.25
0.0625	0.3
0.0625	0.35
0.0625	0.4
0.0625	0.45
0.0625	0.5
0.0625	0.55
0.0625	0.6
0.0625	0.65
0.0625	0.7
0.0625	0.75
0.0625	0.8
0.0625	0.85
0.0625	0.9
0.0625	0.95
0.0625	1
0.125	0
0.125	0.05
0.125	0.1
0.125	0.15
0.125	0.2
0.125	0.25
0.125	0.3
0.125	0.35
0.125	0.4
0.125	0.45
0.125	0.5
0.125	0.55
0.125	0.6
0.125	0.65
0.125	0.7
0.125	0.75
0.125	0.8
0.125	0.85
0.125	0.9
0.125	0.95
0.125	1
0.1875	0
0.1875	0.05
0.1875	0.1
0.1875	0.15
0.1875	0.2
0.1875	0.25
0.1875	0.3
0.1875	0.35
0.1875	0.4
0.1875	0.45
0.1875	0.5
0.1875	0.55
0.1875	0.6
0.1875	0.65
0.1875	0.7
0.1875	0.75
0.1875	0.8
0.1875	0.85
0.1875	0.9
0.1875	0.95
0.1875	1
0.25	0
0.25	0.05
0.25	0.1
0.25	0.15
0.25	0.2
0.25	0.25
0.25	0.3
0.25	0.35
0.25	0.4
0.25	0.45
0.25	0.5
0.25	0.55
0.25	0.6
0.25	0.65
0.25	0.7
0.25	0.75
0.25	0.8
0.25	0.85
0.25	0.9
0.25	0.95
0.25	1
0.3125	0
0.3125	0.05
0.3125	0.1
0.3125	0.15
0.3125	0.2
0.3125	0.25
0.3125	0.3
0.3125	0.35
0.3125	0.4
0.3125	0.45
0.3125	0.5
0.3125	0.55
0.3125	0.6
0.3125	0.65
0.3125	0.7
0.3125	0.75
0.3125	0.8
0.3125	0.85
0.3125	0.9
0.3125	0.95
0.3125	1
0.375	0
0.375	0.05
0.375	0.1
0.375	0.15
0.375	0.2
0.375	0.25
0.375	0.3
0.375	0.35
0.375	0.4
0.375	0.45
0.375	0.5
0.375	0.55
0.375	0.6
0.375	0.65
0.375	0.7
0.375	0.75
0.375	0.8
0.375	0.85
0.375	0.9
0.375	0.95
0.375	1
0.4375	0
0.4375	0.05
0.4375	0.1
0.4375	0.15
0.4375	0.2
0.4375	0.25
0.4375	0.3
0.4375	0.35
0.4375	0.4
0.4375	0.45
0.4375	0.5
0.4375	0.55
0.4375	0.6
0.4375	0.65
0.4375	0.7
0.4375	0.75
0.4375	0.8
0.4375	0.85
0.4375	0.9
0.4375	0.95
0.4375	1
0.5	0
0.5	0.05
0.5	0.1
0.5	0.15
0.5	0.2
0.5	0.25
0.5	0.3
0.5	0.35
0.5	0.4
0.5	0.45
0.5	0.5
0.5	0.55
0.5	0.6
0.5	0.65
0.5	0.7
0.5	0.75
0.5	0.8
0.5	0.85
0.5	0.9
0.5	0.95
0.5	1
0.5625	0.5
0.5625	0.55
0.5625	0.6
0.5625	0.65
0.5625	0.7
0.5625	0.75
0.5625	0.8
0.5625	0.85
0.5625	0.9
0.5625	0.95
0.5625	1
0.625	0.5
0.625	0.55
0.625	0.6
0.625	0.65
0.625	0.7
0.625	0.75
0.625	0.8
0.625	0.85
0.625	0.9
0.625	0.95
0.625	1
0.6875	0.5
0.6875	0.55
0.6875	0.6
0.6875	0.65
0.6875	0.7
0.6875	0.75
0.6875	0.8
0.6875	0.85
0.6875	0.9
0.6875	0.95
0.6875	1
0.75	0.5
0.75	0.55
0.75	0.6
0.75	0.65
0.75	0.7
0.75	0.75
0.75	0.8
0.75	0.85
0.75	0.9
0.75	0.95
0.75	1
0.8125	0.5
0.8125	0.55
0.8125	0.6
0.8125	0.65
0.8125	0.7
0.8125	0.75
0.8125	0.8
0.8125	0.85
0.8125	0.9
0.8125	0.95
0.8125	1
0.875	0.5
0.875	0.55
0.875	0.6
0.875	0.65
0.875	0.7
0.875	0.75
0.875	0.8
0.875	0.85
0.875	0.9
0.875	0.95
0.875	1
0.9375	0.5
0.9375	0.55
0.9375	0.6
0.9375	0.65
0.9375	0.7
0.9375	0.75
0.9375	0.8
0.9375	0.85
0.9375	0.9
0.9375	0.95
0.9375	1
1	0.5
1	0.55
1	0.6
1	0.65
1	0.7
1	0.75
1	0.8
1	0.85
1	0.9
1	0.95
1	1
1.0625	0.5
1.0625	0.55
1.0625	0.6
1.0625	0.65
1.0625	0.7
1.0625	0.75
1.0625	0.8
1.0625	0.85
1.0625	0.9
1.0625	0.95
1.0625	1
1.125	0.5
1.125	0.55
1.125	0.6
1.125	0.65
1.125	0.7
1.125	0.75
1.125	0.8
1.125	0.85
1.125	0.9
1.125	0.95
1.125	1
1.1875	0.5
1.1875	0.55
1.1875	0.6
1.1875	0.65
1.1875	0.7
1.1875	0.75
1.1875	0.8
1.1875	0.85
1.1875	0.9
1.1875	0.95
1.1875	1
1.25	0.5
1.25	0.55
1.25	0.6
1.25	0.65
1.25	0.7
1.25	0.75
1.25	0.8
1.25	0.85
1.25	0.9
1.25	0.95
1.25	1
1.3125	0.5
1.3125	0.55
1.3125	0.6
1.3125	0.65
1.3125	0.7
1.3125	0.75
1.3125	0.8
1.3125	0.85
1.3125	0.9
1.3125	0.95
1.3125	1
1.375	0.5
1.375	0.55
1.375	0.6
1.375	0.65
1.375	0.7
1.375	0.75
1.375	0.8
1.375	0.85
1.375	0.9
1.375	0.95
1.375	1
1.4375	0.5
1.4375	0.55
1.4375	0.6
1.4375	0.65
1.4375	0.7
1.4375	0.75
1.4375	0.8
1.4375	0.85
1.4375	0.9
1.4375	0.95
1.4375	1
1.5	0
1.5	0.05
1.5	0.1
1.5	0.15
1.5	0.2
1.5	0.25
1.5	0.3
1.5	0.35
1.5	0.4
1.5	0.45
1.5	0.5
1.5	0.55
1.5	0.6
1.5	0.65
1.5	0.7
1.5	0.75
1.5	0.8
1.5	0.85
1.5	0.9
1.5	0.95
1.5	1
1.5625	0
1.5625	0.05
1.5625	0.1
1.5625	0.15
1.5625	0.2
1.5625	0.25
1.5625	0.3
1.5625	0.35
1.5625	0.4
1.5625	0.45
1.5625	0.5
1.5625	0.55
1.5625	0.6
1.5625	0.65
1.5625	0.7
1.5625	0.75
1.5625	0.8
1.5625	0.85
1.5625	0.9
1.5625	0.95
1.5625	1
1.625	0
1.625	0.05
1.625	0.1
1.625	0.15
1.625	0.2
1.625	0.25
1.625	0.3
1.625	0.35
1.625	0.4
1.625	0.45
1.625	0.5
1.625	0.55
1.625	0.6
1.625	0.65
1.625	0.7
1.625	0.75
1.625	0.8
1.625	0.85
1.625	0.9
1.625	0.95
1.625	1
1.6875	0
1.6875	0.05
1.6875	0.1
1.6875	0.15
1.6875	0.2
1.6875	0.25
1.6875	0.3
1.6875	0.35
1.6875	0.4
1.6875	0.45
1.6875	0.5
1.6875	0.55
1.6875	0.6
1.6875	0.65
1.6875	0.7
1.6875	0.75
1.6875	0.8
1.6875	0.85
1.6875	0.9
1.6875	0.95
1.6875	1
1.75	0
1.75	0.05
1.75	0.1
1.75	0.15
1.75	0.2
1.75	0.25
1.75	0.3
1.75	0.35
1.75	0.4
1.75	0.45
1.75	0.5
1.75	0.55
1.75	0.6
1.75	0.65
1.75	0.7
1.75	0.75
1.75	0.8
1.75	0.85
1.75	0.9
1.75	0.95
1.75	1
1.8125	0
1.8125	0.05
1.8125	0.1
1.8125	0.15
1.8125	0.2
1.8125	0.25
1.8125	0.3
1.8125	0.35
1.8125	0.4
1.8125	0.45
1.8125	0.5
1.8125	0.55
1.8125	0.6
1.8125	0.65
1.8125	0.7
1.8125	0.75
1.8125	0.8
1.8125	0.85
1.8125	0.9
1.8125	0.95
1.8125	1
1.875	0
1.875	0.05
1.875	0.1
1.875	0.15
1.875	0.2
1.875	0.25
1.875	0.3
1.875	0.35
1.875	0.4
1.875	0.45
1.875	0.5
1.875	0.55
1.875	0.6
1.875	0.65
1.875	0.7
1.875	0.75
1.875	0.8
1.875	0.85
1.875	0.9
1.875	0.95
1.875	1
1.9375	0
1.9375	0.05
1.9375	0.1
1.9375	0.15
1.9375	0.2
1.9375	0.25
1.9375	0.3
1.9375	0.35
1.9375	0.4
1.9375	0.45
1.9375	0.5
1.9375	0.55
1.9375	0.6
1.9375	0.65
1.9375	0.7
1.9375	0.75
1.9375	0.8
1.9375	0.85
1.9375	0.9
1.9375	0.95
1.9375	1
2	0
2	0.05
2	0.1
2	0.15
2	0.2
2	0.25
2	0.3
2	0.35
2	0.4
2	0.45
2	0.5
2	0.55
2	0.6
2	0.65
2	0.7
2	0.75
2	0.8
2	0.85
2	0.9
2	0.95
2	1
];
% Element connectivity: node1_id, node2_id, material_id
