% Created with:       FlExtract v1.13
% Element type:       truss
% Number of nodes:    142
% Number of elements: 3502

%clear all

eta = 0.53;
p = 1.5;
V_star = 6;
iopt_max = 100;
rho_min = 1e-6;
epsilon = 1e-5;

% Node coordinates: x, y
X = [
0	0
0	0.166667
0	0.333333
0	0.5
0	0.666667
0	0.833333
0	1
0.0833333	0
0.0833333	0.166667
0.0833333	0.333333
0.0833333	0.5
0.0833333	0.666667
0.0833333	0.833333
0.0833333	1
0.166667	0
0.166667	0.166667
0.166667	0.333333
0.166667	0.5
0.166667	0.666667
0.166667	0.833333
0.166667	1
0.25	0
0.25	0.166667
0.25	0.333333
0.25	0.5
0.25	0.666667
0.25	0.833333
0.25	1
0.333333	0
0.333333	0.166667
0.333333	0.333333
0.333333	0.5
0.333333	0.666667
0.333333	0.833333
0.333333	1
0.416667	0
0.416667	0.166667
0.416667	0.333333
0.416667	0.5
0.416667	0.666667
0.416667	0.833333
0.416667	1
0.5	0
0.5	0.166667
0.5	0.333333
0.5	0.5
0.5	0.666667
0.5	0.833333
0.5	1
0.583333	0.5
0.583333	0.666667
0.583333	0.833333
0.583333	1
0.666667	0.5
0.666667	0.666667
0.666667	0.833333
0.666667	1
0.75	0.5
0.75	0.666667
0.75	0.833333
0.75	1
0.833333	0.5
0.833333	0.666667
0.833333	0.833333
0.833333	1
0.916667	0.5
0.916667	0.666667
0.916667	0.833333
0.916667	1
1	0.5
1	0.666667
1	0.833333
1	1
1.08333	0.5
1.08333	0.666667
1.08333	0.833333
1.08333	1
1.16667	0.5
1.16667	0.666667
1.16667	0.833333
1.16667	1
1.25	0.5
1.25	0.666667
1.25	0.833333
1.25	1
1.33333	0.5
1.33333	0.666667
1.33333	0.833333
1.33333	1
1.41667	0.5
1.41667	0.666667
1.41667	0.833333
1.41667	1
1.5	0
1.5	0.166667
1.5	0.333333
1.5	0.5
1.5	0.666667
1.5	0.833333
1.5	1
1.58333	0
1.58333	0.166667
1.58333	0.333333
1.58333	0.5
1.58333	0.666667
1.58333	0.833333
1.58333	1
1.66667	0
1.66667	0.166667
1.66667	0.333333
1.66667	0.5
1.66667	0.666667
1.66667	0.833333
1.66667	1
1.75	0
1.75	0.166667
1.75	0.333333
1.75	0.5
1.75	0.666667
1.75	0.833333
1.75	1
1.83333	0
1.83333	0.166667
1.83333	0.333333
1.83333	0.5
1.83333	0.666667
1.83333	0.833333
1.83333	1
1.91667	0
1.91667	0.166667
1.91667	0.333333
1.91667	0.5
1.91667	0.666667
1.91667	0.833333
1.91667	1
2	0
2	0.166667
2	0.333333
2	0.5
2	0.666667
2	0.833333
2	1
];
% Element connectivity: node1_id, node2_id, material_id
IX = [
2	1	1
3	1	1
4	1	1
5	1	1
8	1	1
9	1	1
10	1	1
11	1	1
15	1	1
16	1	1
17	1	1
18	1	1
22	1	1
23	1	1
24	1	1
25	1	1
29	1	1
30	1	1
31	1	1
32	1	1
36	1	1
37	1	1
38	1	1
39	1	1
43	1	1
44	1	1
45	1	1
3	2	1
4	2	1
5	2	1
6	2	1
8	2	1
9	2	1
10	2	1
11	2	1
12	2	1
15	2	1
16	2	1
17	2	1
18	2	1
19	2	1
22	2	1
23	2	1
24	2	1
25	2	1
26	2	1
29	2	1
30	2	1
31	2	1
32	2	1
33	2	1
36	2	1
37	2	1
38	2	1
39	2	1
40	2	1
43	2	1
44	2	1
45	2	1
46	2	1
4	3	1
5	3	1
6	3	1
7	3	1
8	3	1
9	3	1
10	3	1
11	3	1
12	3	1
13	3	1
15	3	1
16	3	1
17	3	1
18	3	1
19	3	1
20	3	1
22	3	1
23	3	1
24	3	1
25	3	1
26	3	1
27	3	1
29	3	1
30	3	1
31	3	1
32	3	1
33	3	1
34	3	1
36	3	1
37	3	1
38	3	1
39	3	1
40	3	1
41	3	1
43	3	1
44	3	1
45	3	1
46	3	1
47	3	1
5	4	1
6	4	1
7	4	1
8	4	1
9	4	1
10	4	1
11	4	1
12	4	1
13	4	1
14	4	1
15	4	1
16	4	1
17	4	1
18	4	1
19	4	1
20	4	1
21	4	1
22	4	1
23	4	1
24	4	1
25	4	1
26	4	1
27	4	1
28	4	1
29	4	1
30	4	1
31	4	1
32	4	1
33	4	1
34	4	1
35	4	1
36	4	1
37	4	1
38	4	1
39	4	1
40	4	1
41	4	1
42	4	1
44	4	1
45	4	1
46	4	1
47	4	1
48	4	1
50	4	1
51	4	1
54	4	1
6	5	1
7	5	1
9	5	1
10	5	1
11	5	1
12	5	1
13	5	1
14	5	1
16	5	1
17	5	1
18	5	1
19	5	1
20	5	1
21	5	1
23	5	1
24	5	1
25	5	1
26	5	1
27	5	1
28	5	1
30	5	1
31	5	1
32	5	1
33	5	1
34	5	1
35	5	1
37	5	1
38	5	1
39	5	1
40	5	1
41	5	1
42	5	1
45	5	1
46	5	1
47	5	1
48	5	1
49	5	1
50	5	1
51	5	1
52	5	1
55	5	1
7	6	1
10	6	1
11	6	1
12	6	1
13	6	1
14	6	1
17	6	1
18	6	1
19	6	1
20	6	1
21	6	1
24	6	1
25	6	1
26	6	1
27	6	1
28	6	1
31	6	1
32	6	1
33	6	1
34	6	1
35	6	1
38	6	1
39	6	1
40	6	1
41	6	1
42	6	1
46	6	1
47	6	1
48	6	1
49	6	1
51	6	1
52	6	1
53	6	1
56	6	1
11	7	1
12	7	1
13	7	1
14	7	1
18	7	1
19	7	1
20	7	1
21	7	1
25	7	1
26	7	1
27	7	1
28	7	1
32	7	1
33	7	1
34	7	1
35	7	1
39	7	1
40	7	1
41	7	1
42	7	1
47	7	1
48	7	1
49	7	1
52	7	1
53	7	1
57	7	1
9	8	1
10	8	1
11	8	1
12	8	1
15	8	1
16	8	1
17	8	1
18	8	1
22	8	1
23	8	1
24	8	1
25	8	1
29	8	1
30	8	1
31	8	1
32	8	1
36	8	1
37	8	1
38	8	1
39	8	1
43	8	1
44	8	1
45	8	1
46	8	1
10	9	1
11	9	1
12	9	1
13	9	1
15	9	1
16	9	1
17	9	1
18	9	1
19	9	1
22	9	1
23	9	1
24	9	1
25	9	1
26	9	1
29	9	1
30	9	1
31	9	1
32	9	1
33	9	1
36	9	1
37	9	1
38	9	1
39	9	1
40	9	1
43	9	1
44	9	1
45	9	1
46	9	1
47	9	1
11	10	1
12	10	1
13	10	1
14	10	1
15	10	1
16	10	1
17	10	1
18	10	1
19	10	1
20	10	1
22	10	1
23	10	1
24	10	1
25	10	1
26	10	1
27	10	1
29	10	1
30	10	1
31	10	1
32	10	1
33	10	1
34	10	1
36	10	1
37	10	1
38	10	1
39	10	1
40	10	1
41	10	1
43	10	1
44	10	1
45	10	1
46	10	1
47	10	1
48	10	1
51	10	1
12	11	1
13	11	1
14	11	1
15	11	1
16	11	1
17	11	1
18	11	1
19	11	1
20	11	1
21	11	1
22	11	1
23	11	1
24	11	1
25	11	1
26	11	1
27	11	1
28	11	1
29	11	1
30	11	1
31	11	1
32	11	1
33	11	1
34	11	1
35	11	1
36	11	1
37	11	1
38	11	1
39	11	1
40	11	1
41	11	1
42	11	1
43	11	1
44	11	1
45	11	1
46	11	1
47	11	1
48	11	1
49	11	1
50	11	1
51	11	1
52	11	1
54	11	1
55	11	1
58	11	1
13	12	1
14	12	1
16	12	1
17	12	1
18	12	1
19	12	1
20	12	1
21	12	1
23	12	1
24	12	1
25	12	1
26	12	1
27	12	1
28	12	1
30	12	1
31	12	1
32	12	1
33	12	1
34	12	1
35	12	1
37	12	1
38	12	1
39	12	1
40	12	1
41	12	1
42	12	1
44	12	1
45	12	1
46	12	1
47	12	1
48	12	1
49	12	1
50	12	1
51	12	1
52	12	1
53	12	1
54	12	1
55	12	1
56	12	1
59	12	1
14	13	1
17	13	1
18	13	1
19	13	1
20	13	1
21	13	1
24	13	1
25	13	1
26	13	1
27	13	1
28	13	1
31	13	1
32	13	1
33	13	1
34	13	1
35	13	1
38	13	1
39	13	1
40	13	1
41	13	1
42	13	1
45	13	1
46	13	1
47	13	1
48	13	1
49	13	1
50	13	1
51	13	1
52	13	1
53	13	1
55	13	1
56	13	1
57	13	1
60	13	1
18	14	1
19	14	1
20	14	1
21	14	1
25	14	1
26	14	1
27	14	1
28	14	1
32	14	1
33	14	1
34	14	1
35	14	1
39	14	1
40	14	1
41	14	1
42	14	1
46	14	1
47	14	1
48	14	1
49	14	1
51	14	1
52	14	1
53	14	1
56	14	1
57	14	1
61	14	1
16	15	1
17	15	1
18	15	1
19	15	1
22	15	1
23	15	1
24	15	1
25	15	1
29	15	1
30	15	1
31	15	1
32	15	1
36	15	1
37	15	1
38	15	1
39	15	1
43	15	1
44	15	1
45	15	1
46	15	1
17	16	1
18	16	1
19	16	1
20	16	1
22	16	1
23	16	1
24	16	1
25	16	1
26	16	1
29	16	1
30	16	1
31	16	1
32	16	1
33	16	1
36	16	1
37	16	1
38	16	1
39	16	1
40	16	1
43	16	1
44	16	1
45	16	1
46	16	1
47	16	1
51	16	1
18	17	1
19	17	1
20	17	1
21	17	1
22	17	1
23	17	1
24	17	1
25	17	1
26	17	1
27	17	1
29	17	1
30	17	1
31	17	1
32	17	1
33	17	1
34	17	1
36	17	1
37	17	1
38	17	1
39	17	1
40	17	1
41	17	1
43	17	1
44	17	1
45	17	1
46	17	1
47	17	1
48	17	1
51	17	1
52	17	1
55	17	1
19	18	1
20	18	1
21	18	1
22	18	1
23	18	1
24	18	1
25	18	1
26	18	1
27	18	1
28	18	1
29	18	1
30	18	1
31	18	1
32	18	1
33	18	1
34	18	1
35	18	1
36	18	1
37	18	1
38	18	1
39	18	1
40	18	1
41	18	1
42	18	1
43	18	1
44	18	1
45	18	1
46	18	1
47	18	1
48	18	1
49	18	1
50	18	1
51	18	1
52	18	1
53	18	1
54	18	1
55	18	1
56	18	1
58	18	1
59	18	1
62	18	1
20	19	1
21	19	1
23	19	1
24	19	1
25	19	1
26	19	1
27	19	1
28	19	1
30	19	1
31	19	1
32	19	1
33	19	1
34	19	1
35	19	1
37	19	1
38	19	1
39	19	1
40	19	1
41	19	1
42	19	1
44	19	1
45	19	1
46	19	1
47	19	1
48	19	1
49	19	1
50	19	1
51	19	1
52	19	1
53	19	1
54	19	1
55	19	1
56	19	1
57	19	1
58	19	1
59	19	1
60	19	1
63	19	1
21	20	1
24	20	1
25	20	1
26	20	1
27	20	1
28	20	1
31	20	1
32	20	1
33	20	1
34	20	1
35	20	1
38	20	1
39	20	1
40	20	1
41	20	1
42	20	1
45	20	1
46	20	1
47	20	1
48	20	1
49	20	1
50	20	1
51	20	1
52	20	1
53	20	1
54	20	1
55	20	1
56	20	1
57	20	1
59	20	1
60	20	1
61	20	1
64	20	1
25	21	1
26	21	1
27	21	1
28	21	1
32	21	1
33	21	1
34	21	1
35	21	1
39	21	1
40	21	1
41	21	1
42	21	1
46	21	1
47	21	1
48	21	1
49	21	1
50	21	1
51	21	1
52	21	1
53	21	1
55	21	1
56	21	1
57	21	1
60	21	1
61	21	1
65	21	1
23	22	1
24	22	1
25	22	1
26	22	1
29	22	1
30	22	1
31	22	1
32	22	1
36	22	1
37	22	1
38	22	1
39	22	1
43	22	1
44	22	1
45	22	1
46	22	1
24	23	1
25	23	1
26	23	1
27	23	1
29	23	1
30	23	1
31	23	1
32	23	1
33	23	1
36	23	1
37	23	1
38	23	1
39	23	1
40	23	1
43	23	1
44	23	1
45	23	1
46	23	1
47	23	1
51	23	1
25	24	1
26	24	1
27	24	1
28	24	1
29	24	1
30	24	1
31	24	1
32	24	1
33	24	1
34	24	1
36	24	1
37	24	1
38	24	1
39	24	1
40	24	1
41	24	1
43	24	1
44	24	1
45	24	1
46	24	1
47	24	1
48	24	1
51	24	1
52	24	1
55	24	1
56	24	1
59	24	1
26	25	1
27	25	1
28	25	1
29	25	1
30	25	1
31	25	1
32	25	1
33	25	1
34	25	1
35	25	1
36	25	1
37	25	1
38	25	1
39	25	1
40	25	1
41	25	1
42	25	1
