% Created with:       FlExtract v1.13
% Element type:       truss
% Number of nodes:    71
% Number of elements: 1747

%clear all

eta = 0.5;
p = 1.5;
V_star = 6;
iopt_max = 100;
rho_min = 1e-6;
epsilon = 1e-5;

% Node coordinates: x, y
X = [
0	0
0	0.25
0	0.5
0	0.75
0	1
0.125	0
0.125	0.25
0.125	0.5
0.125	0.75
0.125	1
0.25	0
0.25	0.25
0.25	0.5
0.25	0.75
0.25	1
0.375	0
0.375	0.25
0.375	0.5
0.375	0.75
0.375	1
0.5	0
0.5	0.25
0.5	0.5
0.5	0.75
0.5	1
0.625	0.5
0.625	0.75
0.625	1
0.75	0.5
0.75	0.75
0.75	1
0.875	0.5
0.875	0.75
0.875	1
1	0.5
1	0.75
1	1
1.125	0.5
1.125	0.75
1.125	1
1.25	0.5
1.25	0.75
1.25	1
1.375	0.5
1.375	0.75
1.375	1
1.5	0
1.5	0.25
1.5	0.5
1.5	0.75
1.5	1
1.625	0
1.625	0.25
1.625	0.5
1.625	0.75
1.625	1
1.75	0
1.75	0.25
1.75	0.5
1.75	0.75
1.75	1
1.875	0
1.875	0.25
1.875	0.5
1.875	0.75
1.875	1
2	0
2	0.25
2	0.5
2	0.75
2	1
];
% Element connectivity: node1_id, node2_id, material_id
IX = [
2	1	1
3	1	1
4	1	1
5	1	1
6	1	1
7	1	1
8	1	1
9	1	1
10	1	1
11	1	1
12	1	1
13	1	1
14	1	1
15	1	1
16	1	1
17	1	1
18	1	1
19	1	1
20	1	1
21	1	1
22	1	1
23	1	1
24	1	1
25	1	1
27	1	1
28	1	1
30	1	1
31	1	1
34	1	1
37	1	1
3	2	1
4	2	1
5	2	1
6	2	1
7	2	1
8	2	1
9	2	1
10	2	1
11	2	1
12	2	1
13	2	1
14	2	1
15	2	1
16	2	1
17	2	1
18	2	1
19	2	1
20	2	1
21	2	1
22	2	1
23	2	1
24	2	1
25	2	1
27	2	1
28	2	1
30	2	1
31	2	1
33	2	1
34	2	1
36	2	1
37	2	1
40	2	1
43	2	1
46	2	1
51	2	1
4	3	1
5	3	1
6	3	1
7	3	1
8	3	1
9	3	1
10	3	1
11	3	1
12	3	1
13	3	1
14	3	1
15	3	1
16	3	1
17	3	1
18	3	1
19	3	1
20	3	1
21	3	1
22	3	1
23	3	1
24	3	1
25	3	1
26	3	1
27	3	1
28	3	1
29	3	1
30	3	1
31	3	1
32	3	1
33	3	1
34	3	1
35	3	1
36	3	1
37	3	1
38	3	1
39	3	1
40	3	1
41	3	1
42	3	1
43	3	1
44	3	1
45	3	1
46	3	1
49	3	1
50	3	1
51	3	1
54	3	1
55	3	1
56	3	1
59	3	1
60	3	1
61	3	1
64	3	1
65	3	1
66	3	1
69	3	1
5	4	1
6	4	1
7	4	1
8	4	1
9	4	1
10	4	1
11	4	1
12	4	1
13	4	1
14	4	1
15	4	1
16	4	1
17	4	1
18	4	1
19	4	1
20	4	1
21	4	1
22	4	1
23	4	1
24	4	1
25	4	1
26	4	1
27	4	1
28	4	1
29	4	1
30	4	1
31	4	1
32	4	1
33	4	1
34	4	1
35	4	1
36	4	1
37	4	1
38	4	1
39	4	1
40	4	1
41	4	1
42	4	1
43	4	1
44	4	1
45	4	1
46	4	1
49	4	1
50	4	1
51	4	1
54	4	1
55	4	1
56	4	1
59	4	1
60	4	1
61	4	1
64	4	1
65	4	1
66	4	1
70	4	1
6	5	1
7	5	1
8	5	1
9	5	1
10	5	1
11	5	1
12	5	1
13	5	1
14	5	1
15	5	1
16	5	1
17	5	1
18	5	1
19	5	1
20	5	1
21	5	1
22	5	1
23	5	1
24	5	1
25	5	1
26	5	1
27	5	1
28	5	1
29	5	1
30	5	1
31	5	1
32	5	1
33	5	1
34	5	1
35	5	1
36	5	1
37	5	1
38	5	1
39	5	1
40	5	1
41	5	1
42	5	1
43	5	1
44	5	1
45	5	1
46	5	1
49	5	1
50	5	1
51	5	1
54	5	1
55	5	1
56	5	1
59	5	1
60	5	1
61	5	1
64	5	1
65	5	1
66	5	1
71	5	1
7	6	1
8	6	1
9	6	1
10	6	1
11	6	1
12	6	1
13	6	1
14	6	1
15	6	1
16	6	1
17	6	1
18	6	1
19	6	1
20	6	1
21	6	1
22	6	1
23	6	1
24	6	1
25	6	1
27	6	1
28	6	1
31	6	1
34	6	1
8	7	1
9	7	1
10	7	1
11	7	1
12	7	1
13	7	1
14	7	1
15	7	1
16	7	1
17	7	1
18	7	1
19	7	1
20	7	1
21	7	1
22	7	1
23	7	1
24	7	1
25	7	1
27	7	1
28	7	1
30	7	1
31	7	1
33	7	1
34	7	1
37	7	1
40	7	1
43	7	1
9	8	1
10	8	1
11	8	1
12	8	1
13	8	1
14	8	1
15	8	1
16	8	1
17	8	1
18	8	1
19	8	1
20	8	1
21	8	1
22	8	1
23	8	1
24	8	1
25	8	1
26	8	1
27	8	1
28	8	1
29	8	1
30	8	1
31	8	1
32	8	1
33	8	1
34	8	1
35	8	1
36	8	1
37	8	1
38	8	1
39	8	1
40	8	1
41	8	1
42	8	1
43	8	1
44	8	1
45	8	1
46	8	1
49	8	1
50	8	1
51	8	1
54	8	1
55	8	1
56	8	1
59	8	1
60	8	1
61	8	1
64	8	1
65	8	1
66	8	1
69	8	1
70	8	1
71	8	1
10	9	1
11	9	1
12	9	1
13	9	1
14	9	1
15	9	1
16	9	1
17	9	1
18	9	1
19	9	1
20	9	1
21	9	1
22	9	1
23	9	1
24	9	1
25	9	1
26	9	1
27	9	1
28	9	1
29	9	1
30	9	1
31	9	1
32	9	1
33	9	1
34	9	1
35	9	1
36	9	1
37	9	1
38	9	1
39	9	1
40	9	1
41	9	1
42	9	1
43	9	1
44	9	1
45	9	1
46	9	1
49	9	1
50	9	1
51	9	1
54	9	1
55	9	1
56	9	1
59	9	1
60	9	1
61	9	1
64	9	1
65	9	1
66	9	1
69	9	1
70	9	1
71	9	1
11	10	1
12	10	1
13	10	1
14	10	1
15	10	1
16	10	1
17	10	1
18	10	1
19	10	1
20	10	1
21	10	1
22	10	1
23	10	1
24	10	1
25	10	1
26	10	1
27	10	1
28	10	1
29	10	1
30	10	1
31	10	1
32	10	1
33	10	1
34	10	1
35	10	1
36	10	1
37	10	1
38	10	1
39	10	1
40	10	1
41	10	1
42	10	1
43	10	1
44	10	1
45	10	1
46	10	1
49	10	1
50	10	1
51	10	1
54	10	1
55	10	1
56	10	1
59	10	1
60	10	1
61	10	1
64	10	1
65	10	1
66	10	1
69	10	1
70	10	1
71	10	1
12	11	1
13	11	1
14	11	1
15	11	1
16	11	1
17	11	1
18	11	1
19	11	1
20	11	1
21	11	1
22	11	1
23	11	1
24	11	1
25	11	1
27	11	1
28	11	1
31	11	1
13	12	1
14	12	1
15	12	1
16	12	1
17	12	1
18	12	1
19	12	1
20	12	1
21	12	1
22	12	1
23	12	1
24	12	1
25	12	1
27	12	1
28	12	1
30	12	1
31	12	1
34	12	1
37	12	1
14	13	1
15	13	1
16	13	1
17	13	1
18	13	1
19	13	1
20	13	1
21	13	1
22	13	1
23	13	1
24	13	1
25	13	1
26	13	1
27	13	1
28	13	1
29	13	1
30	13	1
31	13	1
32	13	1
33	13	1
34	13	1
35	13	1
36	13	1
37	13	1
38	13	1
39	13	1
40	13	1
41	13	1
42	13	1
43	13	1
44	13	1
45	13	1
46	13	1
49	13	1
50	13	1
51	13	1
54	13	1
55	13	1
56	13	1
59	13	1
60	13	1
61	13	1
64	13	1
65	13	1
66	13	1
69	13	1
70	13	1
71	13	1
15	14	1
16	14	1
17	14	1
18	14	1
19	14	1
20	14	1
21	14	1
22	14	1
23	14	1
24	14	1
25	14	1
26	14	1
27	14	1
28	14	1
29	14	1
30	14	1
31	14	1
32	14	1
33	14	1
34	14	1
35	14	1
36	14	1
37	14	1
38	14	1
39	14	1
40	14	1
41	14	1
42	14	1
43	14	1
44	14	1
45	14	1
46	14	1
49	14	1
50	14	1
51	14	1
54	14	1
55	14	1
56	14	1
59	14	1
60	14	1
61	14	1
64	14	1
65	14	1
66	14	1
69	14	1
70	14	1
71	14	1
16	15	1
17	15	1
18	15	1
19	15	1
20	15	1
21	15	1
22	15	1
23	15	1
24	15	1
25	15	1
26	15	1
27	15	1
28	15	1
29	15	1
30	15	1
31	15	1
32	15	1
33	15	1
34	15	1
35	15	1
36	15	1
37	15	1
38	15	1
39	15	1
40	15	1
41	15	1
42	15	1
43	15	1
44	15	1
45	15	1
46	15	1
49	15	1
50	15	1
51	15	1
54	15	1
55	15	1
56	15	1
59	15	1
60	15	1
61	15	1
64	15	1
65	15	1
66	15	1
69	15	1
70	15	1
71	15	1
17	16	1
18	16	1
19	16	1
20	16	1
21	16	1
22	16	1
23	16	1
24	16	1
25	16	1
28	16	1
18	17	1
19	17	1
20	17	1
21	17	1
22	17	1
23	17	1
24	17	1
25	17	1
27	17	1
28	17	1
31	17	1
19	18	1
20	18	1
21	18	1
22	18	1
23	18	1
24	18	1
25	18	1
26	18	1
27	18	1
28	18	1
29	18	1
30	18	1
31	18	1
32	18	1
33	18	1
34	18	1
35	18	1
36	18	1
37	18	1
38	18	1
39	18	1
40	18	1
41	18	1
42	18	1
43	18	1
44	18	1
45	18	1
46	18	1
49	18	1
50	18	1
51	18	1
54	18	1
55	18	1
56	18	1
59	18	1
60	18	1
61	18	1
64	18	1
65	18	1
66	18	1
69	18	1
70	18	1
71	18	1
20	19	1
21	19	1
22	19	1
23	19	1
24	19	1
25	19	1
26	19	1
27	19	1
28	19	1
29	19	1
30	19	1
31	19	1
32	19	1
33	19	1
34	19	1
35	19	1
36	19	1
37	19	1
38	19	1
39	19	1
40	19	1
41	19	1
42	19	1
43	19	1
44	19	1
45	19	1
46	19	1
49	19	1
50	19	1
51	19	1
54	19	1
55	19	1
56	19	1
59	19	1
60	19	1
61	19	1
64	19	1
65	19	1
66	19	1
69	19	1
70	19	1
71	19	1
21	20	1
22	20	1
23	20	1
24	20	1
25	20	1
26	20	1
27	20	1
28	20	1
29	20	1
30	20	1
31	20	1
32	20	1
33	20	1
34	20	1
35	20	1
36	20	1
37	20	1
38	20	1
39	20	1
40	20	1
41	20	1
42	20	1
43	20	1
44	20	1
45	20	1
46	20	1
49	20	1
50	20	1
51	20	1
54	20	1
55	20	1
56	20	1
59	20	1
60	20	1
61	20	1
64	20	1
65	20	1
66	20	1
69	20	1
70	20	1
71	20	1
22	21	1
23	21	1
24	21	1
25	21	1
23	22	1
24	22	1
25	22	1
24	23	1
25	23	1
26	23	1
27	23	1
28	23	1
29	23	1
30	23	1
31	23	1
32	23	1
33	23	1
34	23	1
35	23	1
36	23	1
37	23	1
38	23	1
39	23	1
40	23	1
41	23	1
42	23	1
43	23	1
44	23	1
45	23	1
46	23	1
49	23	1
50	23	1
51	23	1
54	23	1
55	23	1
56	23	1
59	23	1
60	23	1
61	23	1
64	23	1
65	23	1
66	23	1
69	23	1
70	23	1
71	23	1
25	24	1
26	24	1
27	24	1
28	24	1
29	24	1
30	24	1
31	24	1
32	24	1
33	24	1
34	24	1
35	24	1
36	24	1
37	24	1
38	24	1
39	24	1
40	24	1
41	24	1
42	24	1
43	24	1
44	24	1
