X = [
    0.000000000     0.000000000
    2.000000000     0.000000000
    4.000000000     0.000000000
    6.000000000     0.000000000
    0.000000000     2.000000000
    2.000000000     2.000000000
    4.000000000     2.000000000
    6.000000000     2.000000000
    0.000000000     4.000000000
    2.000000000     4.000000000
    4.000000000     4.000000000
    6.000000000     4.000000000
];

IX = [
     1      2      6      5
     2      3      7      6
     3      4      8      7
     5      6     10      9
     6      7     11     10
     7      8     12     11
];
plotval = [
               1.884381628150819
               1.850921013983330
               0.827588947070804
               0.902705415488568
               1.430269066151293
               0.913292509367560
];
