X = [
    0.000000000     0.000000000
    2.000000000     0.000000000
    4.000000000     0.000000000
    6.000000000     0.000000000
    0.000000000     2.000000000
    2.000000000     2.000000000
    4.000000000     2.000000000
    6.000000000     2.000000000
    0.000000000     4.000000000
    2.000000000     4.000000000
    4.000000000     4.000000000
    6.000000000     4.000000000
];

IX = [
     1      2      6      5
     2      3      7      6
     3      4      8      7
     5      6     10      9
     6      7     11     10
     7      8     12     11
];
D = [
    0.000000000
    0.000000000
    0.000000000
    0.000000000
    0.000000000
    0.000000000
   -0.990042488
   -9.847074407
    5.034770712
    4.491747941
    5.277562330
    0.658339883
    6.237643841
   -3.022372963
    6.894352996
   -9.610756190
   10.792428996
    5.691886628
   11.987274910
    0.885253182
   13.505218090
   -3.552068471
   15.181842269
  -10.205330457
];
