>> test1
>> truss1
Number of DOF 6 Number of elements 3

D =

         0
         0
         0
   -0.0035
   -0.0001
   -0.0123


stress =

   -0.0035
   -0.0070
    0.0041


strain =

   -0.0035
   -0.0035
    0.0041


N =

   -0.0104   -0.0070    0.0122


R =

    0.0100
    0.0100
   -0.0100
         0
         0
    0.0000
