X = [
    0.000000000     0.000000000
    0.000000000     1.250000000
    0.000000000     2.500000000
    0.000000000     3.750000000
    0.000000000     5.000000000
    0.689655185     0.000000000
    0.689655185     1.250000000
    0.689655185     2.500000000
    0.689655185     3.750000000
    0.689655185     5.000000000
    1.379310370     0.000000000
    1.379310370     1.250000000
    1.379310370     2.500000000
    1.379310370     3.750000000
    1.379310370     5.000000000
    2.068965440     0.000000000
    2.068965440     1.250000000
    2.068965440     2.500000000
    2.068965440     3.750000000
    2.068965440     5.000000000
    2.758620740     0.000000000
    2.758620740     1.250000000
    2.758620740     2.500000000
    2.758620740     3.750000000
    2.758620740     5.000000000
    3.448276040     0.000000000
    3.448276040     1.250000000
    3.448276040     2.500000000
    3.448276040     3.750000000
    3.448276040     5.000000000
    4.137930870     0.000000000
    4.137930870     1.250000000
    4.137930870     2.500000000
    4.137930870     3.750000000
    4.137930870     5.000000000
    4.827586170     0.000000000
    4.827586170     1.250000000
    4.827586170     2.500000000
    4.827586170     3.750000000
    4.827586170     5.000000000
    5.517241480     0.000000000
    5.517241480     1.250000000
    5.517241480     2.500000000
    5.517241480     3.750000000
    5.517241480     5.000000000
    6.206896780     0.000000000
    6.206896780     1.250000000
    6.206896780     2.500000000
    6.206896780     3.750000000
    6.206896780     5.000000000
    6.896552090     0.000000000
    6.896552090     1.250000000
    6.896552090     2.500000000
    6.896552090     3.750000000
    6.896552090     5.000000000
    7.586206910     0.000000000
    7.586206910     1.250000000
    7.586206910     2.500000000
    7.586206910     3.750000000
    7.586206910     5.000000000
    8.275861740     0.000000000
    8.275861740     1.250000000
    8.275861740     2.500000000
    8.275861740     3.750000000
    8.275861740     5.000000000
    8.965517040     0.000000000
    8.965517040     1.250000000
    8.965517040     2.500000000
    8.965517040     3.750000000
    8.965517040     5.000000000
    9.655172350     0.000000000
    9.655172350     1.250000000
    9.655172350     2.500000000
    9.655172350     3.750000000
    9.655172350     5.000000000
   10.344827700     0.000000000
   10.344827700     1.250000000
   10.344827700     2.500000000
   10.344827700     3.750000000
   10.344827700     5.000000000
   11.034483000     0.000000000
   11.034483000     1.250000000
   11.034483000     2.500000000
   11.034483000     3.750000000
   11.034483000     5.000000000
   11.724138300     0.000000000
   11.724138300     1.250000000
   11.724138300     2.500000000
   11.724138300     3.750000000
   11.724138300     5.000000000
   12.413793600     0.000000000
   12.413793600     1.250000000
   12.413793600     2.500000000
   12.413793600     3.750000000
   12.413793600     5.000000000
   13.103448900     0.000000000
   13.103448900     1.250000000
   13.103448900     2.500000000
   13.103448900     3.750000000
   13.103448900     5.000000000
   13.793104200     0.000000000
   13.793104200     1.250000000
   13.793104200     2.500000000
   13.793104200     3.750000000
   13.793104200     5.000000000
   14.482758500     0.000000000
   14.482758500     1.250000000
   14.482758500     2.500000000
   14.482758500     3.750000000
   14.482758500     5.000000000
   15.172413800     0.000000000
   15.172413800     1.250000000
   15.172413800     2.500000000
   15.172413800     3.750000000
   15.172413800     5.000000000
   15.862069100     0.000000000
   15.862069100     1.250000000
   15.862069100     2.500000000
   15.862069100     3.750000000
   15.862069100     5.000000000
   16.551723500     0.000000000
   16.551723500     1.250000000
   16.551723500     2.500000000
   16.551723500     3.750000000
   16.551723500     5.000000000
   17.241378800     0.000000000
   17.241378800     1.250000000
   17.241378800     2.500000000
   17.241378800     3.750000000
   17.241378800     5.000000000
   17.931034100     0.000000000
   17.931034100     1.250000000
   17.931034100     2.500000000
   17.931034100     3.750000000
   17.931034100     5.000000000
   18.620689400     0.000000000
   18.620689400     1.250000000
   18.620689400     2.500000000
   18.620689400     3.750000000
   18.620689400     5.000000000
   19.310344700     0.000000000
   19.310344700     1.250000000
   19.310344700     2.500000000
   19.310344700     3.750000000
   19.310344700     5.000000000
   20.000000000     0.000000000
   20.000000000     1.250000000
   20.000000000     2.500000000
   20.000000000     3.750000000
   20.000000000     5.000000000
];

