X = [
    0.000000000     0.000000000
    0.000000000     0.016666700
    0.000000000     0.033333300
    0.000000000     0.050000000
    0.026666700     0.000000000
    0.026666700     0.016666700
    0.026666700     0.033333300
    0.026666700     0.050000000
    0.053333300     0.000000000
    0.053333300     0.016666700
    0.053333300     0.033333300
    0.053333300     0.050000000
    0.080000000     0.000000000
    0.080000000     0.016666700
    0.080000000     0.033333300
    0.080000000     0.050000000
    0.106667000     0.000000000
    0.106667000     0.016666700
    0.106667000     0.033333300
    0.106667000     0.050000000
    0.133333000     0.000000000
    0.133333000     0.016666700
    0.133333000     0.033333300
    0.133333000     0.050000000
    0.160000000     0.000000000
    0.160000000     0.016666700
    0.160000000     0.033333300
    0.160000000     0.050000000
    0.186667000     0.000000000
    0.186667000     0.016666700
    0.186667000     0.033333300
    0.186667000     0.050000000
    0.213333000     0.000000000
    0.213333000     0.016666700
    0.213333000     0.033333300
    0.213333000     0.050000000
    0.240000000     0.000000000
    0.240000000     0.016666700
    0.240000000     0.033333300
    0.240000000     0.050000000
    0.266667000     0.000000000
    0.266667000     0.016666700
    0.266667000     0.033333300
    0.266667000     0.050000000
    0.293333000     0.000000000
    0.293333000     0.016666700
    0.293333000     0.033333300
    0.293333000     0.050000000
    0.320000000     0.000000000
    0.320000000     0.016666700
    0.320000000     0.033333300
    0.320000000     0.050000000
    0.346667000     0.000000000
    0.346667000     0.016666700
    0.346667000     0.033333300
    0.346667000     0.050000000
    0.373333000     0.000000000
    0.373333000     0.016666700
    0.373333000     0.033333300
    0.373333000     0.050000000
    0.400000000     0.000000000
    0.400000000     0.016666700
    0.400000000     0.033333300
    0.400000000     0.050000000
    0.426667000     0.000000000
    0.426667000     0.016666700
    0.426667000     0.033333300
    0.426667000     0.050000000
    0.453333000     0.000000000
    0.453333000     0.016666700
    0.453333000     0.033333300
    0.453333000     0.050000000
    0.480000000     0.000000000
    0.480000000     0.016666700
    0.480000000     0.033333300
    0.480000000     0.050000000
    0.506667000     0.000000000
    0.506667000     0.016666700
    0.506667000     0.033333300
    0.506667000     0.050000000
    0.533333000     0.000000000
    0.533333000     0.016666700
    0.533333000     0.033333300
    0.533333000     0.050000000
    0.560000000     0.000000000
    0.560000000     0.016666700
    0.560000000     0.033333300
    0.560000000     0.050000000
    0.586667000     0.000000000
    0.586667000     0.016666700
    0.586667000     0.033333300
    0.586667000     0.050000000
    0.613333000     0.000000000
    0.613333000     0.016666700
    0.613333000     0.033333300
    0.613333000     0.050000000
    0.640000000     0.000000000
    0.640000000     0.016666700
    0.640000000     0.033333300
    0.640000000     0.050000000
    0.666667000     0.000000000
    0.666667000     0.016666700
    0.666667000     0.033333300
    0.666667000     0.050000000
    0.693333000     0.000000000
    0.693333000     0.016666700
    0.693333000     0.033333300
    0.693333000     0.050000000
    0.720000000     0.000000000
    0.720000000     0.016666700
    0.720000000     0.033333300
    0.720000000     0.050000000
    0.746667000     0.000000000
    0.746667000     0.016666700
    0.746667000     0.033333300
    0.746667000     0.050000000
    0.773333000     0.000000000
    0.773333000     0.016666700
    0.773333000     0.033333300
    0.773333000     0.050000000
    0.800000000     0.000000000
    0.800000000     0.016666700
    0.800000000     0.033333300
    0.800000000     0.050000000
    0.826667000     0.000000000
    0.826667000     0.016666700
    0.826667000     0.033333300
    0.826667000     0.050000000
    0.853333000     0.000000000
    0.853333000     0.016666700
    0.853333000     0.033333300
    0.853333000     0.050000000
    0.880000000     0.000000000
    0.880000000     0.016666700
    0.880000000     0.033333300
    0.880000000     0.050000000
    0.906667000     0.000000000
    0.906667000     0.016666700
    0.906667000     0.033333300
    0.906667000     0.050000000
    0.933333000     0.000000000
    0.933333000     0.016666700
    0.933333000     0.033333300
    0.933333000     0.050000000
    0.960000000     0.000000000
    0.960000000     0.016666700
    0.960000000     0.033333300
    0.960000000     0.050000000
    0.986667000     0.000000000
    0.986667000     0.016666700
    0.986667000     0.033333300
    0.986667000     0.050000000
    1.013330000     0.000000000
    1.013330000     0.016666700
    1.013330000     0.033333300
    1.013330000     0.050000000
    1.040000000     0.000000000
    1.040000000     0.016666700
    1.040000000     0.033333300
    1.040000000     0.050000000
    1.066670000     0.000000000
    1.066670000     0.016666700
    1.066670000     0.033333300
    1.066670000     0.050000000
    1.093330000     0.000000000
    1.093330000     0.016666700
    1.093330000     0.033333300
    1.093330000     0.050000000
    1.120000000     0.000000000
    1.120000000     0.016666700
    1.120000000     0.033333300
    1.120000000     0.050000000
    1.146670000     0.000000000
    1.146670000     0.016666700
    1.146670000     0.033333300
    1.146670000     0.050000000
    1.173330000     0.000000000
    1.173330000     0.016666700
    1.173330000     0.033333300
    1.173330000     0.050000000
    1.200000000     0.000000000
    1.200000000     0.016666700
    1.200000000     0.033333300
    1.200000000     0.050000000
    1.226670000     0.000000000
    1.226670000     0.016666700
    1.226670000     0.033333300
    1.226670000     0.050000000
    1.253330000     0.000000000
    1.253330000     0.016666700
    1.253330000     0.033333300
    1.253330000     0.050000000
    1.280000000     0.000000000
    1.280000000     0.016666700
    1.280000000     0.033333300
    1.280000000     0.050000000
    1.306670000     0.000000000
    1.306670000     0.016666700
    1.306670000     0.033333300
    1.306670000     0.050000000
    1.333330000     0.000000000
    1.333330000     0.016666700
    1.333330000     0.033333300
    1.333330000     0.050000000
    1.360000000     0.000000000
    1.360000000     0.016666700
    1.360000000     0.033333300
    1.360000000     0.050000000
    1.386670000     0.000000000
    1.386670000     0.016666700
    1.386670000     0.033333300
    1.386670000     0.050000000
    1.413330000     0.000000000
    1.413330000     0.016666700
    1.413330000     0.033333300
    1.413330000     0.050000000
    1.440000000     0.000000000
    1.440000000     0.016666700
    1.440000000     0.033333300
    1.440000000     0.050000000
    1.466670000     0.000000000
    1.466670000     0.016666700
    1.466670000     0.033333300
    1.466670000     0.050000000
    1.493330000     0.000000000
    1.493330000     0.016666700
    1.493330000     0.033333300
    1.493330000     0.050000000
    1.520000000     0.000000000
    1.520000000     0.016666700
    1.520000000     0.033333300
    1.520000000     0.050000000
    1.546670000     0.000000000
    1.546670000     0.016666700
    1.546670000     0.033333300
    1.546670000     0.050000000
    1.573330000     0.000000000
    1.573330000     0.016666700
    1.573330000     0.033333300
    1.573330000     0.050000000
    1.600000000     0.000000000
    1.600000000     0.016666700
    1.600000000     0.033333300
    1.600000000     0.050000000
    1.626670000     0.000000000
    1.626670000     0.016666700
    1.626670000     0.033333300
    1.626670000     0.050000000
    1.653330000     0.000000000
