X = [
    0.000000000     0.000000000
    0.000000000     0.025000000
    0.000000000     0.050000000
    0.040000000     0.000000000
    0.040000000     0.025000000
    0.040000000     0.050000000
    0.080000000     0.000000000
    0.080000000     0.025000000
    0.080000000     0.050000000
    0.120000000     0.000000000
    0.120000000     0.025000000
    0.120000000     0.050000000
    0.160000000     0.000000000
    0.160000000     0.025000000
    0.160000000     0.050000000
    0.200000000     0.000000000
    0.200000000     0.025000000
    0.200000000     0.050000000
    0.240000000     0.000000000
    0.240000000     0.025000000
    0.240000000     0.050000000
    0.280000000     0.000000000
    0.280000000     0.025000000
    0.280000000     0.050000000
    0.320000000     0.000000000
    0.320000000     0.025000000
    0.320000000     0.050000000
    0.360000000     0.000000000
    0.360000000     0.025000000
    0.360000000     0.050000000
    0.400000000     0.000000000
    0.400000000     0.025000000
    0.400000000     0.050000000
    0.440000000     0.000000000
    0.440000000     0.025000000
    0.440000000     0.050000000
    0.480000000     0.000000000
    0.480000000     0.025000000
    0.480000000     0.050000000
    0.520000000     0.000000000
    0.520000000     0.025000000
    0.520000000     0.050000000
    0.560000000     0.000000000
    0.560000000     0.025000000
    0.560000000     0.050000000
    0.600000000     0.000000000
    0.600000000     0.025000000
    0.600000000     0.050000000
    0.640000000     0.000000000
    0.640000000     0.025000000
    0.640000000     0.050000000
    0.680000000     0.000000000
    0.680000000     0.025000000
    0.680000000     0.050000000
    0.720000000     0.000000000
    0.720000000     0.025000000
    0.720000000     0.050000000
    0.760000000     0.000000000
    0.760000000     0.025000000
    0.760000000     0.050000000
    0.800000000     0.000000000
    0.800000000     0.025000000
    0.800000000     0.050000000
    0.840000000     0.000000000
    0.840000000     0.025000000
    0.840000000     0.050000000
    0.880000000     0.000000000
    0.880000000     0.025000000
    0.880000000     0.050000000
    0.920000000     0.000000000
    0.920000000     0.025000000
    0.920000000     0.050000000
    0.960000000     0.000000000
    0.960000000     0.025000000
    0.960000000     0.050000000
    1.000000000     0.000000000
    1.000000000     0.025000000
    1.000000000     0.050000000
    1.040000000     0.000000000
    1.040000000     0.025000000
    1.040000000     0.050000000
    1.080000000     0.000000000
    1.080000000     0.025000000
    1.080000000     0.050000000
    1.120000000     0.000000000
    1.120000000     0.025000000
    1.120000000     0.050000000
    1.160000000     0.000000000
    1.160000000     0.025000000
    1.160000000     0.050000000
    1.200000000     0.000000000
    1.200000000     0.025000000
    1.200000000     0.050000000
    1.240000000     0.000000000
    1.240000000     0.025000000
    1.240000000     0.050000000
    1.280000000     0.000000000
    1.280000000     0.025000000
    1.280000000     0.050000000
    1.320000000     0.000000000
    1.320000000     0.025000000
    1.320000000     0.050000000
    1.360000000     0.000000000
    1.360000000     0.025000000
    1.360000000     0.050000000
    1.400000000     0.000000000
    1.400000000     0.025000000
    1.400000000     0.050000000
    1.440000000     0.000000000
    1.440000000     0.025000000
    1.440000000     0.050000000
    1.480000000     0.000000000
    1.480000000     0.025000000
    1.480000000     0.050000000
    1.520000000     0.000000000
    1.520000000     0.025000000
    1.520000000     0.050000000
    1.560000000     0.000000000
    1.560000000     0.025000000
    1.560000000     0.050000000
    1.600000000     0.000000000
    1.600000000     0.025000000
    1.600000000     0.050000000
    1.640000000     0.000000000
    1.640000000     0.025000000
    1.640000000     0.050000000
    1.680000000     0.000000000
    1.680000000     0.025000000
    1.680000000     0.050000000
    1.720000000     0.000000000
    1.720000000     0.025000000
    1.720000000     0.050000000
    1.760000000     0.000000000
    1.760000000     0.025000000
    1.760000000     0.050000000
    1.800000000     0.000000000
    1.800000000     0.025000000
    1.800000000     0.050000000
    1.840000000     0.000000000
    1.840000000     0.025000000
    1.840000000     0.050000000
    1.880000000     0.000000000
    1.880000000     0.025000000
    1.880000000     0.050000000
    1.920000000     0.000000000
    1.920000000     0.025000000
    1.920000000     0.050000000
    1.960000000     0.000000000
    1.960000000     0.025000000
    1.960000000     0.050000000
    2.000000000     0.000000000
    2.000000000     0.025000000
    2.000000000     0.050000000
];

IX = [
     1      4      5      2
     2      5      6      3
     4      7      8      5
     5      8      9      6
     7     10     11      8
     8     11     12      9
    10     13     14     11
    11     14     15     12
    13     16     17     14
    14     17     18     15
    16     19     20     17
    17     20     21     18
    19     22     23     20
    20     23     24     21
    22     25     26     23
    23     26     27     24
    25     28     29     26
    26     29     30     27
    28     31     32     29
    29     32     33     30
    31     34     35     32
    32     35     36     33
    34     37     38     35
    35     38     39     36
    37     40     41     38
    38     41     42     39
    40     43     44     41
    41     44     45     42
    43     46     47     44
    44     47     48     45
    46     49     50     47
    47     50     51     48
    49     52     53     50
    50     53     54     51
    52     55     56     53
    53     56     57     54
    55     58     59     56
    56     59     60     57
    58     61     62     59
    59     62     63     60
    61     64     65     62
    62     65     66     63
    64     67     68     65
    65     68     69     66
    67     70     71     68
    68     71     72     69
    70     73     74     71
    71     74     75     72
    73     76     77     74
    74     77     78     75
    76     79     80     77
    77     80     81     78
    79     82     83     80
    80     83     84     81
    82     85     86     83
    83     86     87     84
    85     88     89     86
    86     89     90     87
    88     91     92     89
    89     92     93     90
    91     94     95     92
    92     95     96     93
    94     97     98     95
    95     98     99     96
    97    100    101     98
    98    101    102     99
   100    103    104    101
   101    104    105    102
   103    106    107    104
   104    107    108    105
   106    109    110    107
   107    110    111    108
   109    112    113    110
   110    113    114    111
   112    115    116    113
   113    116    117    114
   115    118    119    116
   116    119    120    117
   118    121    122    119
   119    122    123    120
   121    124    125    122
   122    125    126    123
   124    127    128    125
   125    128    129    126
   127    130    131    128
   128    131    132    129
   130    133    134    131
   131    134    135    132
   133    136    137    134
   134    137    138    135
   136    139    140    137
   137    140    141    138
   139    142    143    140
   140    143    144    141
   142    145    146    143
   143    146    147    144
   145    148    149    146
   146    149    150    147
   148    151    152    149
   149    152    153    150
];
