X = [
    0.000000000     0.000000000
    0.000000000     0.012500000
    0.000000000     0.025000000
    0.000000000     0.037500000
    0.000000000     0.050000000
    0.013333300     0.000000000
    0.013333300     0.012500000
    0.013333300     0.025000000
    0.013333300     0.037500000
    0.013333300     0.050000000
    0.026666700     0.000000000
    0.026666700     0.012500000
    0.026666700     0.025000000
    0.026666700     0.037500000
    0.026666700     0.050000000
    0.040000000     0.000000000
    0.040000000     0.012500000
    0.040000000     0.025000000
    0.040000000     0.037500000
    0.040000000     0.050000000
    0.053333300     0.000000000
    0.053333300     0.012500000
    0.053333300     0.025000000
    0.053333300     0.037500000
    0.053333300     0.050000000
    0.066666700     0.000000000
    0.066666700     0.012500000
    0.066666700     0.025000000
    0.066666700     0.037500000
    0.066666700     0.050000000
    0.080000000     0.000000000
    0.080000000     0.012500000
    0.080000000     0.025000000
    0.080000000     0.037500000
    0.080000000     0.050000000
    0.093333300     0.000000000
    0.093333300     0.012500000
    0.093333300     0.025000000
    0.093333300     0.037500000
    0.093333300     0.050000000
    0.106667000     0.000000000
    0.106667000     0.012500000
    0.106667000     0.025000000
    0.106667000     0.037500000
    0.106667000     0.050000000
    0.120000000     0.000000000
    0.120000000     0.012500000
    0.120000000     0.025000000
    0.120000000     0.037500000
    0.120000000     0.050000000
    0.133333000     0.000000000
    0.133333000     0.012500000
    0.133333000     0.025000000
    0.133333000     0.037500000
    0.133333000     0.050000000
    0.146667000     0.000000000
    0.146667000     0.012500000
    0.146667000     0.025000000
    0.146667000     0.037500000
    0.146667000     0.050000000
    0.160000000     0.000000000
    0.160000000     0.012500000
    0.160000000     0.025000000
    0.160000000     0.037500000
    0.160000000     0.050000000
    0.173333000     0.000000000
    0.173333000     0.012500000
    0.173333000     0.025000000
    0.173333000     0.037500000
    0.173333000     0.050000000
    0.186667000     0.000000000
    0.186667000     0.012500000
    0.186667000     0.025000000
    0.186667000     0.037500000
    0.186667000     0.050000000
    0.200000000     0.000000000
    0.200000000     0.012500000
    0.200000000     0.025000000
    0.200000000     0.037500000
    0.200000000     0.050000000
    0.213333000     0.000000000
    0.213333000     0.012500000
    0.213333000     0.025000000
    0.213333000     0.037500000
    0.213333000     0.050000000
    0.226667000     0.000000000
    0.226667000     0.012500000
    0.226667000     0.025000000
    0.226667000     0.037500000
    0.226667000     0.050000000
    0.240000000     0.000000000
    0.240000000     0.012500000
    0.240000000     0.025000000
    0.240000000     0.037500000
    0.240000000     0.050000000
    0.253333000     0.000000000
    0.253333000     0.012500000
    0.253333000     0.025000000
    0.253333000     0.037500000
    0.253333000     0.050000000
    0.266667000     0.000000000
    0.266667000     0.012500000
    0.266667000     0.025000000
    0.266667000     0.037500000
    0.266667000     0.050000000
    0.280000000     0.000000000
    0.280000000     0.012500000
    0.280000000     0.025000000
    0.280000000     0.037500000
    0.280000000     0.050000000
    0.293333000     0.000000000
    0.293333000     0.012500000
    0.293333000     0.025000000
    0.293333000     0.037500000
    0.293333000     0.050000000
    0.306667000     0.000000000
    0.306667000     0.012500000
    0.306667000     0.025000000
    0.306667000     0.037500000
    0.306667000     0.050000000
    0.320000000     0.000000000
    0.320000000     0.012500000
    0.320000000     0.025000000
    0.320000000     0.037500000
    0.320000000     0.050000000
    0.333333000     0.000000000
    0.333333000     0.012500000
    0.333333000     0.025000000
    0.333333000     0.037500000
    0.333333000     0.050000000
    0.346667000     0.000000000
    0.346667000     0.012500000
    0.346667000     0.025000000
    0.346667000     0.037500000
    0.346667000     0.050000000
    0.360000000     0.000000000
    0.360000000     0.012500000
    0.360000000     0.025000000
    0.360000000     0.037500000
    0.360000000     0.050000000
    0.373333000     0.000000000
    0.373333000     0.012500000
    0.373333000     0.025000000
    0.373333000     0.037500000
    0.373333000     0.050000000
    0.386667000     0.000000000
    0.386667000     0.012500000
    0.386667000     0.025000000
    0.386667000     0.037500000
    0.386667000     0.050000000
    0.400000000     0.000000000
    0.400000000     0.012500000
    0.400000000     0.025000000
    0.400000000     0.037500000
    0.400000000     0.050000000
    0.413333000     0.000000000
    0.413333000     0.012500000
    0.413333000     0.025000000
    0.413333000     0.037500000
    0.413333000     0.050000000
    0.426667000     0.000000000
    0.426667000     0.012500000
    0.426667000     0.025000000
    0.426667000     0.037500000
    0.426667000     0.050000000
    0.440000000     0.000000000
    0.440000000     0.012500000
    0.440000000     0.025000000
    0.440000000     0.037500000
    0.440000000     0.050000000
    0.453333000     0.000000000
    0.453333000     0.012500000
    0.453333000     0.025000000
    0.453333000     0.037500000
    0.453333000     0.050000000
    0.466667000     0.000000000
    0.466667000     0.012500000
    0.466667000     0.025000000
    0.466667000     0.037500000
    0.466667000     0.050000000
    0.480000000     0.000000000
    0.480000000     0.012500000
    0.480000000     0.025000000
    0.480000000     0.037500000
    0.480000000     0.050000000
    0.493333000     0.000000000
    0.493333000     0.012500000
    0.493333000     0.025000000
    0.493333000     0.037500000
    0.493333000     0.050000000
    0.506667000     0.000000000
    0.506667000     0.012500000
    0.506667000     0.025000000
    0.506667000     0.037500000
    0.506667000     0.050000000
    0.520000000     0.000000000
    0.520000000     0.012500000
    0.520000000     0.025000000
    0.520000000     0.037500000
    0.520000000     0.050000000
    0.533333000     0.000000000
    0.533333000     0.012500000
    0.533333000     0.025000000
    0.533333000     0.037500000
    0.533333000     0.050000000
    0.546667000     0.000000000
    0.546667000     0.012500000
    0.546667000     0.025000000
    0.546667000     0.037500000
    0.546667000     0.050000000
    0.560000000     0.000000000
    0.560000000     0.012500000
    0.560000000     0.025000000
    0.560000000     0.037500000
    0.560000000     0.050000000
    0.573333000     0.000000000
    0.573333000     0.012500000
    0.573333000     0.025000000
    0.573333000     0.037500000
    0.573333000     0.050000000
    0.586667000     0.000000000
    0.586667000     0.012500000
    0.586667000     0.025000000
    0.586667000     0.037500000
    0.586667000     0.050000000
    0.600000000     0.000000000
    0.600000000     0.012500000
    0.600000000     0.025000000
    0.600000000     0.037500000
    0.600000000     0.050000000
    0.613333000     0.000000000
    0.613333000     0.012500000
    0.613333000     0.025000000
    0.613333000     0.037500000
    0.613333000     0.050000000
    0.626667000     0.000000000
    0.626667000     0.012500000
    0.626667000     0.025000000
    0.626667000     0.037500000
    0.626667000     0.050000000
    0.640000000     0.000000000
    0.640000000     0.012500000
    0.640000000     0.025000000
    0.640000000     0.037500000
    0.640000000     0.050000000
    0.653333000     0.000000000
    0.653333000     0.012500000
    0.653333000     0.025000000
    0.653333000     0.037500000
