X = [
    0.000000000     0.000000000
    0.000000000     0.500000000
    0.000000000     1.000000000
    1.000000000     0.000000000
    1.000000000     0.500000000
    1.000000000     1.000000000
    2.000000000     0.000000000
    2.000000000     0.500000000
    2.000000000     1.000000000
    3.000000000     0.000000000
    3.000000000     0.500000000
    3.000000000     1.000000000
    4.000000000     0.000000000
    4.000000000     0.500000000
    4.000000000     1.000000000
    5.000000000     0.000000000
    5.000000000     0.500000000
    5.000000000     1.000000000
    6.000000000     0.000000000
    6.000000000     0.500000000
    6.000000000     1.000000000
    7.000000000     0.000000000
    7.000000000     0.500000000
    7.000000000     1.000000000
    8.000000000     0.000000000
    8.000000000     0.500000000
    8.000000000     1.000000000
    9.000000000     0.000000000
    9.000000000     0.500000000
    9.000000000     1.000000000
   10.000000000     0.000000000
   10.000000000     0.500000000
   10.000000000     1.000000000
   11.000000000     0.000000000
   11.000000000     0.500000000
   11.000000000     1.000000000
   12.000000000     0.000000000
   12.000000000     0.500000000
   12.000000000     1.000000000
   13.000000000     0.000000000
   13.000000000     0.500000000
   13.000000000     1.000000000
   14.000000000     0.000000000
   14.000000000     0.500000000
   14.000000000     1.000000000
   15.000000000     0.000000000
   15.000000000     0.500000000
   15.000000000     1.000000000
   16.000000000     0.000000000
   16.000000000     0.500000000
   16.000000000     1.000000000
   17.000000000     0.000000000
   17.000000000     0.500000000
   17.000000000     1.000000000
   18.000000000     0.000000000
   18.000000000     0.500000000
   18.000000000     1.000000000
   19.000000000     0.000000000
   19.000000000     0.500000000
   19.000000000     1.000000000
   20.000000000     0.000000000
   20.000000000     0.500000000
   20.000000000     1.000000000
];

IX = [
     1      4      5      2
     2      5      6      3
     4      7      8      5
     5      8      9      6
     7     10     11      8
     8     11     12      9
    10     13     14     11
    11     14     15     12
    13     16     17     14
    14     17     18     15
    16     19     20     17
    17     20     21     18
    19     22     23     20
    20     23     24     21
    22     25     26     23
    23     26     27     24
    25     28     29     26
    26     29     30     27
    28     31     32     29
    29     32     33     30
    31     34     35     32
    32     35     36     33
    34     37     38     35
    35     38     39     36
    37     40     41     38
    38     41     42     39
    40     43     44     41
    41     44     45     42
    43     46     47     44
    44     47     48     45
    46     49     50     47
    47     50     51     48
    49     52     53     50
    50     53     54     51
    52     55     56     53
    53     56     57     54
    55     58     59     56
    56     59     60     57
    58     61     62     59
    59     62     63     60
];
vect = [
   14481.569493361078       -14453.041710349278       -1.1702515896677770     
   16493.467333494933       -4289.8749085137260      -0.59033037556081991     
   536.51281957842730       -34894.137448799083       -1.2881214207561777     
   35240.177819789817       -3463.6384089832081      -0.28705248344738105     
   2260.6523614364705       -55143.157276330567       -1.3901712277819613     
   55054.009962079290       -1790.8706646646424      -0.17705199406518329     
   1244.4308862468388       -75971.914619878109       -1.4401625887551324     
   75985.551781258837       -1287.6012437499521      -0.13126716723530882     
   1041.4243985134453       -97013.049954064540       -1.4680549145746369     
   97011.577241301828       -1043.8332137199686      -0.10266728459330551     
   844.60133125938592       -118159.87795236868       -1.4863664957032128     
   118159.94491295655       -842.45557515668042       -8.4433918305492864E-002
   717.93306286755251       -139360.26347609280       -1.4991633553500567     
   139360.28147548297       -718.50341773299442       -7.1633720703906334E-002
   622.57977790520818       -160595.18738393672       -1.5086080381634077     
   160595.18085425848       -622.47793174402614       -6.2187983059314292E-002
   549.93423522733792       -181852.02961721510       -1.5158619356640832     
   181852.03092619326       -549.94615592976334       -5.4934454566355519E-002
   492.27323186604190       -203124.11847965742       -1.5216050462008153     
   203124.11829518789       -492.27302293483808       -4.9191271396728020E-002
   445.74162270133093       -224407.06583467341       -1.5262639361705419     
   224407.06585047484       -445.74128232343355       -4.4532391424031419E-002
   406.48754479235504       -245698.21350334547       -1.5301183560388976     
   245698.21350470511       -406.48765669904242       -4.0677970792062423E-002
   376.73861221651896       -266994.98963005200       -1.5333602476293846     
   266994.98962983600       -376.73858932842268       -3.7436079131983831E-002
   337.47348795985454       -288298.77821421192       -1.5361228599890948     
   288298.77821487479       -337.47349122844753       -3.4673466814266467E-002
   363.07435806436115       -309596.89985549357       -1.5385116678886293     
   309596.89985596220       -363.07435784331756       -3.2284658904756396E-002
   131.13294274260988       -330938.47999633511       -1.5405727969086054     
   330938.47999684967       -131.13294268265599       -3.0223529886407349E-002
   1013.9916138411500       -352110.32972027600       -1.5424625264059122     
   352110.32972078223       -1013.9916138651606       -2.8333800388940837E-002
  -2848.1509052087204       -374018.95413028280       -1.5438414981636976     
   374018.95413079264        2848.1509052170732       -2.6954828631165516E-002
   13551.406192162744       -392795.62039518123       -1.5461768728031022     
   392795.62039569172       -13551.406192173687       -2.4619453991746587E-002
  -56508.596579820587       -424945.92610995576       -1.5436413214480273     
   424945.92611046776        56508.596579890203       -2.7155005346873071E-002
];
