X = [
    0.000000000     0.000000000
    0.000000000     0.500000000
    0.000000000     1.000000000
    1.000000000     0.000000000
    1.000000000     0.500000000
    1.000000000     1.000000000
    2.000000000     0.000000000
    2.000000000     0.500000000
    2.000000000     1.000000000
    3.000000000     0.000000000
    3.000000000     0.500000000
    3.000000000     1.000000000
    4.000000000     0.000000000
    4.000000000     0.500000000
    4.000000000     1.000000000
    5.000000000     0.000000000
    5.000000000     0.500000000
    5.000000000     1.000000000
    6.000000000     0.000000000
    6.000000000     0.500000000
    6.000000000     1.000000000
    7.000000000     0.000000000
    7.000000000     0.500000000
    7.000000000     1.000000000
    8.000000000     0.000000000
    8.000000000     0.500000000
    8.000000000     1.000000000
    9.000000000     0.000000000
    9.000000000     0.500000000
    9.000000000     1.000000000
   10.000000000     0.000000000
   10.000000000     0.500000000
   10.000000000     1.000000000
   11.000000000     0.000000000
   11.000000000     0.500000000
   11.000000000     1.000000000
   12.000000000     0.000000000
   12.000000000     0.500000000
   12.000000000     1.000000000
   13.000000000     0.000000000
   13.000000000     0.500000000
   13.000000000     1.000000000
   14.000000000     0.000000000
   14.000000000     0.500000000
   14.000000000     1.000000000
   15.000000000     0.000000000
   15.000000000     0.500000000
   15.000000000     1.000000000
   16.000000000     0.000000000
   16.000000000     0.500000000
   16.000000000     1.000000000
   17.000000000     0.000000000
   17.000000000     0.500000000
   17.000000000     1.000000000
   18.000000000     0.000000000
   18.000000000     0.500000000
   18.000000000     1.000000000
   19.000000000     0.000000000
   19.000000000     0.500000000
   19.000000000     1.000000000
   20.000000000     0.000000000
   20.000000000     0.500000000
   20.000000000     1.000000000
];

IX = [
     1      4      5      2
     2      5      6      3
     4      7      8      5
     5      8      9      6
     7     10     11      8
     8     11     12      9
    10     13     14     11
    11     14     15     12
    13     16     17     14
    14     17     18     15
    16     19     20     17
    17     20     21     18
    19     22     23     20
    20     23     24     21
    22     25     26     23
    23     26     27     24
    25     28     29     26
    26     29     30     27
    28     31     32     29
    29     32     33     30
    31     34     35     32
    32     35     36     33
    34     37     38     35
    35     38     39     36
    37     40     41     38
    38     41     42     39
    40     43     44     41
    41     44     45     42
    43     46     47     44
    44     47     48     45
    46     49     50     47
    47     50     51     48
    49     52     53     50
    50     53     54     51
    52     55     56     53
    53     56     57     54
    55     58     59     56
    56     59     60     57
    58     61     62     59
    59     62     63     60
];
plotval = [
           25058.112410774509044
           19005.062564488198404
           35165.463545511061966
           37093.478634857259749
           56307.529267542864545
           55970.937477011451847
           76601.711575401350274
           76637.465298937502666
           97537.932023208326427
           97537.683041289055836
          118584.434473279179656
          118583.417127274442464
          139720.613385456439573
          139720.918758156971307
          160907.380603115103440
          160907.322855156962760
          182127.619433175568702
          182127.626729476294713
          203370.701939455000684
          203370.701650141185382
          224630.268333972402615
          224630.268179078557296
          245901.709254788322141
          245901.709312239981955
          267183.558141955058090
          267183.558130270859692
          288467.663009948038962
          288467.663012248056475
          309778.596611831395421
          309778.596612189256120
          331004.065949169395026
          331004.065949653915595
          352618.418969000573270
          352618.418969518854283
          372603.042915000929497
          372603.042915506637655
          399743.634113037434872
          399743.634113553503994
          399698.841251864447258
          399698.841252345475368
];
