X = [
    0.000000000     0.000000000
    0.000000000     0.500000000
    0.000000000     1.000000000
    1.000000000     0.000000000
    1.000000000     0.500000000
    1.000000000     1.000000000
    2.000000000     0.000000000
    2.000000000     0.500000000
    2.000000000     1.000000000
    3.000000000     0.000000000
    3.000000000     0.500000000
    3.000000000     1.000000000
    4.000000000     0.000000000
    4.000000000     0.500000000
    4.000000000     1.000000000
    5.000000000     0.000000000
    5.000000000     0.500000000
    5.000000000     1.000000000
    6.000000000     0.000000000
    6.000000000     0.500000000
    6.000000000     1.000000000
    7.000000000     0.000000000
    7.000000000     0.500000000
    7.000000000     1.000000000
    8.000000000     0.000000000
    8.000000000     0.500000000
    8.000000000     1.000000000
    9.000000000     0.000000000
    9.000000000     0.500000000
    9.000000000     1.000000000
   10.000000000     0.000000000
   10.000000000     0.500000000
   10.000000000     1.000000000
   11.000000000     0.000000000
   11.000000000     0.500000000
   11.000000000     1.000000000
   12.000000000     0.000000000
   12.000000000     0.500000000
   12.000000000     1.000000000
   13.000000000     0.000000000
   13.000000000     0.500000000
   13.000000000     1.000000000
   14.000000000     0.000000000
   14.000000000     0.500000000
   14.000000000     1.000000000
   15.000000000     0.000000000
   15.000000000     0.500000000
   15.000000000     1.000000000
   16.000000000     0.000000000
   16.000000000     0.500000000
   16.000000000     1.000000000
   17.000000000     0.000000000
   17.000000000     0.500000000
   17.000000000     1.000000000
   18.000000000     0.000000000
   18.000000000     0.500000000
   18.000000000     1.000000000
   19.000000000     0.000000000
   19.000000000     0.500000000
   19.000000000     1.000000000
   20.000000000     0.000000000
   20.000000000     0.500000000
   20.000000000     1.000000000
];

IX = [
     1      4      5      2
     2      5      6      3
     4      7      8      5
     5      8      9      6
     7     10     11      8
     8     11     12      9
    10     13     14     11
    11     14     15     12
    13     16     17     14
    14     17     18     15
    16     19     20     17
    17     20     21     18
    19     22     23     20
    20     23     24     21
    22     25     26     23
    23     26     27     24
    25     28     29     26
    26     29     30     27
    28     31     32     29
    29     32     33     30
    31     34     35     32
    32     35     36     33
    34     37     38     35
    35     38     39     36
    37     40     41     38
    38     41     42     39
    40     43     44     41
    41     44     45     42
    43     46     47     44
    44     47     48     45
    46     49     50     47
    47     50     51     48
    49     52     53     50
    50     53     54     51
    52     55     56     53
    53     56     57     54
    55     58     59     56
    56     59     60     57
    58     61     62     59
    59     62     63     60
];
D = [
    0.000121711
   -0.003246849
    0.000000005
   -0.003246670
   -0.000121626
   -0.003246632
    0.000121345
   -0.003003308
   -0.000000011
   -0.003003296
   -0.000121343
   -0.003003351
    0.000120433
   -0.002761209
    0.000000003
   -0.002761102
   -0.000120436
   -0.002761203
    0.000118910
   -0.002521504
   -0.000000001
   -0.002521355
   -0.000118909
   -0.002521505
    0.000116777
   -0.002285463
    0.000000000
   -0.002285262
   -0.000116777
   -0.002285463
    0.000114035
   -0.002054296
   -0.000000000
   -0.002054045
   -0.000114035
   -0.002054296
    0.000110683
   -0.001829224
   -0.000000000
   -0.001828922
   -0.000110683
   -0.001829224
    0.000106722
   -0.001611464
    0.000000000
   -0.001611112
   -0.000106722
   -0.001611464
    0.000102151
   -0.001402236
   -0.000000000
   -0.001401834
   -0.000102151
   -0.001402236
    0.000096971
   -0.001202759
    0.000000000
   -0.001202307
   -0.000096971
   -0.001202759
    0.000091182
   -0.001014252
   -0.000000000
   -0.001013749
   -0.000091182
   -0.001014252
    0.000084783
   -0.000837933
   -0.000000000
   -0.000837380
   -0.000084783
   -0.000837933
    0.000077774
   -0.000675021
    0.000000000
   -0.000674418
   -0.000077774
   -0.000675021
    0.000070157
   -0.000526735
   -0.000000000
   -0.000526081
   -0.000070157
   -0.000526735
    0.000061929
   -0.000394294
   -0.000000000
   -0.000393590
   -0.000061929
   -0.000394294
    0.000053093
   -0.000278917
   -0.000000000
   -0.000278163
   -0.000053093
   -0.000278917
    0.000043648
   -0.000181820
   -0.000000000
   -0.000181019
   -0.000043648
   -0.000181820
    0.000033588
   -0.000104237
   -0.000000000
   -0.000103370
   -0.000033588
   -0.000104237
    0.000022939
   -0.000047321
   -0.000000000
   -0.000046471
   -0.000022939
   -0.000047321
    0.000011598
   -0.000012574
   -0.000000000
   -0.000011383
   -0.000011598
   -0.000012574
    0.000000000
    0.000000000
    0.000000000
    0.000000000
    0.000000000
    0.000000000
];
