X = [
    0.000000000     0.000000000
    0.000000000     0.200000000
    0.000000000     0.400000000
    0.000000000     0.600000000
    0.000000000     0.800000000
    0.000000000     1.000000000
    1.600000000     0.000000000
    1.600000000     0.200000000
    1.600000000     0.400000000
    1.600000000     0.600000000
    1.600000000     0.800000000
    1.600000000     1.000000000
    3.200000000     0.000000000
    3.200000000     0.200000000
    3.200000000     0.400000000
    3.200000000     0.600000000
    3.200000000     0.800000000
    3.200000000     1.000000000
    4.800000000     0.000000000
    4.800000000     0.200000000
    4.800000000     0.400000000
    4.800000000     0.600000000
    4.800000000     0.800000000
    4.800000000     1.000000000
    6.400000000     0.000000000
    6.400000000     0.200000000
    6.400000000     0.400000000
    6.400000000     0.600000000
    6.400000000     0.800000000
    6.400000000     1.000000000
    8.000000000     0.000000000
    8.000000000     0.200000000
    8.000000000     0.400000000
    8.000000000     0.600000000
    8.000000000     0.800000000
    8.000000000     1.000000000
    9.600000000     0.000000000
    9.600000000     0.200000000
    9.600000000     0.400000000
    9.600000000     0.600000000
    9.600000000     0.800000000
    9.600000000     1.000000000
   11.200000000     0.000000000
   11.200000000     0.200000000
   11.200000000     0.400000000
   11.200000000     0.600000000
   11.200000000     0.800000000
   11.200000000     1.000000000
   12.800000000     0.000000000
   12.800000000     0.200000000
   12.800000000     0.400000000
   12.800000000     0.600000000
   12.800000000     0.800000000
   12.800000000     1.000000000
   14.400000000     0.000000000
   14.400000000     0.200000000
   14.400000000     0.400000000
   14.400000000     0.600000000
   14.400000000     0.800000000
   14.400000000     1.000000000
   16.000000000     0.000000000
   16.000000000     0.200000000
   16.000000000     0.400000000
   16.000000000     0.600000000
   16.000000000     0.800000000
   16.000000000     1.000000000
];

IX = [
     1      7      8      2
     2      8      9      3
     3      9     10      4
     4     10     11      5
     5     11     12      6
     7     13     14      8
     8     14     15      9
     9     15     16     10
    10     16     17     11
    11     17     18     12
    13     19     20     14
    14     20     21     15
    15     21     22     16
    16     22     23     17
    17     23     24     18
    19     25     26     20
    20     26     27     21
    21     27     28     22
    22     28     29     23
    23     29     30     24
    25     31     32     26
    26     32     33     27
    27     33     34     28
    28     34     35     29
    29     35     36     30
    31     37     38     32
    32     38     39     33
    33     39     40     34
    34     40     41     35
    35     41     42     36
    37     43     44     38
    38     44     45     39
    39     45     46     40
    40     46     47     41
    41     47     48     42
    43     49     50     44
    44     50     51     45
    45     51     52     46
    46     52     53     47
    47     53     54     48
    49     55     56     50
    50     56     57     51
    51     57     58     52
    52     58     59     53
    53     59     60     54
    55     61     62     56
    56     62     63     57
    57     63     64     58
    58     64     65     59
    59     65     66     60
];
D = [
  -81.532775228
    0.000000000
  -62.995392567
   -0.311274759
  -44.622065221
   -0.541508642
  -26.319077178
   -0.680967361
   -7.995598273
   -0.730520819
   10.440338969
   -0.701271146
  -78.568742516
 -146.067513393
  -61.192066719
 -146.152554957
  -43.947202595
 -146.179672924
  -26.753920196
 -146.150390534
   -9.530420223
 -146.065434490
    7.800505770
 -145.925094968
  -70.474563494
 -273.932442733
  -56.373889128
 -274.280288429
  -42.397986808
 -274.446239530
  -28.455475119
 -274.432068143
  -14.454494660
 -274.237103430
   -0.297143506
 -273.858218566
  -56.921632564
 -367.269949394
  -48.252670918
 -367.734834931
  -39.622044771
 -368.011181844
  -31.004483617
 -368.107363461
  -22.376204640
 -368.024511494
  -13.714067060
 -367.756211442
  -41.818573394
 -411.327991796
  -39.224347223
 -411.751412500
  -36.557499188
 -411.952574360
  -33.872510802
 -411.932714177
  -31.222000426
 -411.690380954
  -28.663405992
 -411.221651769
  -29.064691974
 -410.770678111
  -31.568225216
 -411.116535859
  -34.026923321
 -411.291469095
  -36.468457477
 -411.294345408
  -38.920900578
 -411.126303517
  -41.407991154
 -410.790767451
  -18.643516668
 -373.162200509
  -25.315199867
 -373.441072805
  -31.936463442
 -373.580135498
  -38.541379858
 -373.580050603
  -45.164278416
 -373.440372155
  -51.841948909
 -373.159439325
  -10.530071569
 -305.892919640
  -20.449462242
 -306.099561122
  -30.316961350
 -306.202997476
  -40.166979818
 -306.202620405
  -50.033293983
 -306.098358841
  -59.948405201
 -305.890779652
   -4.738671068
 -216.359812301
  -16.967217472
 -216.506624588
  -29.151279938
 -216.581014881
  -41.321466168
 -216.583500784
  -53.509055413
 -216.514477940
  -65.746042520
 -216.374085616
   -1.274055398
 -112.086088558
  -14.905906094
 -112.123154905
  -28.479141413
 -112.134250370
  -42.030528995
 -112.120391762
  -55.597442902
 -112.081329901
  -69.217319686
 -112.015705941
    0.000000000
    0.000000000
  -14.130704188
   -0.133242808
  -28.191929076
   -0.232073076
  -42.222814576
   -0.292035715
  -56.261199513
   -0.313977168
  -70.343408034
   -0.304012264
];
