X = [
    0.000000000     0.000000000
    0.000000000     0.012500000
    0.000000000     0.025000000
    0.000000000     0.037500000
    0.000000000     0.050000000
    0.040000000     0.000000000
    0.040000000     0.012500000
    0.040000000     0.025000000
    0.040000000     0.037500000
    0.040000000     0.050000000
    0.080000000     0.000000000
    0.080000000     0.012500000
    0.080000000     0.025000000
    0.080000000     0.037500000
    0.080000000     0.050000000
    0.120000000     0.000000000
    0.120000000     0.012500000
    0.120000000     0.025000000
    0.120000000     0.037500000
    0.120000000     0.050000000
    0.160000000     0.000000000
    0.160000000     0.012500000
    0.160000000     0.025000000
    0.160000000     0.037500000
    0.160000000     0.050000000
    0.200000000     0.000000000
    0.200000000     0.012500000
    0.200000000     0.025000000
    0.200000000     0.037500000
    0.200000000     0.050000000
    0.240000000     0.000000000
    0.240000000     0.012500000
    0.240000000     0.025000000
    0.240000000     0.037500000
    0.240000000     0.050000000
    0.280000000     0.000000000
    0.280000000     0.012500000
    0.280000000     0.025000000
    0.280000000     0.037500000
    0.280000000     0.050000000
    0.320000000     0.000000000
    0.320000000     0.012500000
    0.320000000     0.025000000
    0.320000000     0.037500000
    0.320000000     0.050000000
    0.360000000     0.000000000
    0.360000000     0.012500000
    0.360000000     0.025000000
    0.360000000     0.037500000
    0.360000000     0.050000000
    0.400000000     0.000000000
    0.400000000     0.012500000
    0.400000000     0.025000000
    0.400000000     0.037500000
    0.400000000     0.050000000
    0.440000000     0.000000000
    0.440000000     0.012500000
    0.440000000     0.025000000
    0.440000000     0.037500000
    0.440000000     0.050000000
    0.480000000     0.000000000
    0.480000000     0.012500000
    0.480000000     0.025000000
    0.480000000     0.037500000
    0.480000000     0.050000000
    0.520000000     0.000000000
    0.520000000     0.012500000
    0.520000000     0.025000000
    0.520000000     0.037500000
    0.520000000     0.050000000
    0.560000000     0.000000000
    0.560000000     0.012500000
    0.560000000     0.025000000
    0.560000000     0.037500000
    0.560000000     0.050000000
    0.600000000     0.000000000
    0.600000000     0.012500000
    0.600000000     0.025000000
    0.600000000     0.037500000
    0.600000000     0.050000000
    0.640000000     0.000000000
    0.640000000     0.012500000
    0.640000000     0.025000000
    0.640000000     0.037500000
    0.640000000     0.050000000
    0.680000000     0.000000000
    0.680000000     0.012500000
    0.680000000     0.025000000
    0.680000000     0.037500000
    0.680000000     0.050000000
    0.720000000     0.000000000
    0.720000000     0.012500000
    0.720000000     0.025000000
    0.720000000     0.037500000
    0.720000000     0.050000000
    0.760000000     0.000000000
    0.760000000     0.012500000
    0.760000000     0.025000000
    0.760000000     0.037500000
    0.760000000     0.050000000
    0.800000000     0.000000000
    0.800000000     0.012500000
    0.800000000     0.025000000
    0.800000000     0.037500000
    0.800000000     0.050000000
    0.840000000     0.000000000
    0.840000000     0.012500000
    0.840000000     0.025000000
    0.840000000     0.037500000
    0.840000000     0.050000000
    0.880000000     0.000000000
    0.880000000     0.012500000
    0.880000000     0.025000000
    0.880000000     0.037500000
    0.880000000     0.050000000
    0.920000000     0.000000000
    0.920000000     0.012500000
    0.920000000     0.025000000
    0.920000000     0.037500000
    0.920000000     0.050000000
    0.960000000     0.000000000
    0.960000000     0.012500000
    0.960000000     0.025000000
    0.960000000     0.037500000
    0.960000000     0.050000000
    1.000000000     0.000000000
    1.000000000     0.012500000
    1.000000000     0.025000000
    1.000000000     0.037500000
    1.000000000     0.050000000
    1.040000000     0.000000000
    1.040000000     0.012500000
    1.040000000     0.025000000
    1.040000000     0.037500000
    1.040000000     0.050000000
    1.080000000     0.000000000
    1.080000000     0.012500000
    1.080000000     0.025000000
    1.080000000     0.037500000
    1.080000000     0.050000000
    1.120000000     0.000000000
    1.120000000     0.012500000
    1.120000000     0.025000000
    1.120000000     0.037500000
    1.120000000     0.050000000
    1.160000000     0.000000000
    1.160000000     0.012500000
    1.160000000     0.025000000
    1.160000000     0.037500000
    1.160000000     0.050000000
    1.200000000     0.000000000
    1.200000000     0.012500000
    1.200000000     0.025000000
    1.200000000     0.037500000
    1.200000000     0.050000000
    1.240000000     0.000000000
    1.240000000     0.012500000
    1.240000000     0.025000000
    1.240000000     0.037500000
    1.240000000     0.050000000
    1.280000000     0.000000000
    1.280000000     0.012500000
    1.280000000     0.025000000
    1.280000000     0.037500000
    1.280000000     0.050000000
    1.320000000     0.000000000
    1.320000000     0.012500000
    1.320000000     0.025000000
    1.320000000     0.037500000
    1.320000000     0.050000000
    1.360000000     0.000000000
    1.360000000     0.012500000
    1.360000000     0.025000000
    1.360000000     0.037500000
    1.360000000     0.050000000
    1.400000000     0.000000000
    1.400000000     0.012500000
    1.400000000     0.025000000
    1.400000000     0.037500000
    1.400000000     0.050000000
    1.440000000     0.000000000
    1.440000000     0.012500000
    1.440000000     0.025000000
    1.440000000     0.037500000
    1.440000000     0.050000000
    1.480000000     0.000000000
    1.480000000     0.012500000
    1.480000000     0.025000000
    1.480000000     0.037500000
    1.480000000     0.050000000
    1.520000000     0.000000000
    1.520000000     0.012500000
    1.520000000     0.025000000
    1.520000000     0.037500000
    1.520000000     0.050000000
    1.560000000     0.000000000
    1.560000000     0.012500000
    1.560000000     0.025000000
    1.560000000     0.037500000
    1.560000000     0.050000000
    1.600000000     0.000000000
    1.600000000     0.012500000
    1.600000000     0.025000000
    1.600000000     0.037500000
    1.600000000     0.050000000
    1.640000000     0.000000000
    1.640000000     0.012500000
    1.640000000     0.025000000
    1.640000000     0.037500000
    1.640000000     0.050000000
    1.680000000     0.000000000
    1.680000000     0.012500000
    1.680000000     0.025000000
    1.680000000     0.037500000
    1.680000000     0.050000000
    1.720000000     0.000000000
    1.720000000     0.012500000
    1.720000000     0.025000000
    1.720000000     0.037500000
    1.720000000     0.050000000
    1.760000000     0.000000000
    1.760000000     0.012500000
    1.760000000     0.025000000
    1.760000000     0.037500000
    1.760000000     0.050000000
    1.800000000     0.000000000
    1.800000000     0.012500000
    1.800000000     0.025000000
    1.800000000     0.037500000
    1.800000000     0.050000000
    1.840000000     0.000000000
    1.840000000     0.012500000
    1.840000000     0.025000000
    1.840000000     0.037500000
    1.840000000     0.050000000
    1.880000000     0.000000000
    1.880000000     0.012500000
    1.880000000     0.025000000
    1.880000000     0.037500000
    1.880000000     0.050000000
    1.920000000     0.000000000
    1.920000000     0.012500000
    1.920000000     0.025000000
    1.920000000     0.037500000
    1.920000000     0.050000000
    1.960000000     0.000000000
    1.960000000     0.012500000
    1.960000000     0.025000000
    1.960000000     0.037500000
