X = [
    0.000000000     0.000000000
    0.000000000     0.200000000
    0.000000000     0.400000000
    0.000000000     0.600000000
    0.000000000     0.800000000
    0.000000000     1.000000000
    1.600000000     0.000000000
    1.600000000     0.200000000
    1.600000000     0.400000000
    1.600000000     0.600000000
    1.600000000     0.800000000
    1.600000000     1.000000000
    3.200000000     0.000000000
    3.200000000     0.200000000
    3.200000000     0.400000000
    3.200000000     0.600000000
    3.200000000     0.800000000
    3.200000000     1.000000000
    4.800000000     0.000000000
    4.800000000     0.200000000
    4.800000000     0.400000000
    4.800000000     0.600000000
    4.800000000     0.800000000
    4.800000000     1.000000000
    6.400000000     0.000000000
    6.400000000     0.200000000
    6.400000000     0.400000000
    6.400000000     0.600000000
    6.400000000     0.800000000
    6.400000000     1.000000000
    8.000000000     0.000000000
    8.000000000     0.200000000
    8.000000000     0.400000000
    8.000000000     0.600000000
    8.000000000     0.800000000
    8.000000000     1.000000000
    9.600000000     0.000000000
    9.600000000     0.200000000
    9.600000000     0.400000000
    9.600000000     0.600000000
    9.600000000     0.800000000
    9.600000000     1.000000000
   11.200000000     0.000000000
   11.200000000     0.200000000
   11.200000000     0.400000000
   11.200000000     0.600000000
   11.200000000     0.800000000
   11.200000000     1.000000000
   12.800000000     0.000000000
   12.800000000     0.200000000
   12.800000000     0.400000000
   12.800000000     0.600000000
   12.800000000     0.800000000
   12.800000000     1.000000000
   14.400000000     0.000000000
   14.400000000     0.200000000
   14.400000000     0.400000000
   14.400000000     0.600000000
   14.400000000     0.800000000
   14.400000000     1.000000000
   16.000000000     0.000000000
   16.000000000     0.200000000
   16.000000000     0.400000000
   16.000000000     0.600000000
   16.000000000     0.800000000
   16.000000000     1.000000000
];

IX = [
     1      7      8      2
     2      8      9      3
     3      9     10      4
     4     10     11      5
     5     11     12      6
     7     13     14      8
     8     14     15      9
     9     15     16     10
    10     16     17     11
    11     17     18     12
    13     19     20     14
    14     20     21     15
    15     21     22     16
    16     22     23     17
    17     23     24     18
    19     25     26     20
    20     26     27     21
    21     27     28     22
    22     28     29     23
    23     29     30     24
    25     31     32     26
    26     32     33     27
    27     33     34     28
    28     34     35     29
    29     35     36     30
    31     37     38     32
    32     38     39     33
    33     39     40     34
    34     40     41     35
    35     41     42     36
    37     43     44     38
    38     44     45     39
    39     45     46     40
    40     46     47     41
    41     47     48     42
    43     49     50     44
    44     50     51     45
    45     51     52     46
    46     52     53     47
    47     53     54     48
    49     55     56     50
    50     56     57     51
    51     57     58     52
    52     58     59     53
    53     59     60     54
    55     61     62     56
    56     62     63     57
    57     63     64     58
    58     64     65     59
    59     65     66     60
];
plotval = [
               1.942522263262169
               1.658635685196161
               1.510890107150451
               1.467196935657822
               1.603054588500096
               4.101859144385936
               2.403296429724872
               1.557503670054120
               2.507061282841144
               4.179354160950639
               6.841529398787055
               3.657536775886539
               1.422404456816181
               3.487608412197691
               6.680208307501641
               7.543885353248988
               3.826017815398119
               0.584771079547376
               3.652891137768588
               7.380342518404037
               6.392755862885193
               3.239326946143365
               0.677460034271416
               3.282698517589389
               6.418188487811970
               5.225097195010991
               2.669920969519466
               0.635839262286315
               2.661095959550200
               5.223410105687543
               4.074219222498804
               2.108924143020913
               0.648500143743869
               2.112152457764741
               4.074507487696952
               2.929222420047171
               1.567086623182828
               0.641108309606431
               1.557586000742306
               2.924471092520478
               1.754241189448698
               1.023910177882787
               0.653770952081751
               1.059196139489788
               1.782246098043173
               0.834926010816480
               0.713338732668003
               0.649727572736647
               0.630108553839183
               0.684686230165131
];
