X = [
    0.000000000     0.000000000
    0.000000000     0.012500000
    0.000000000     0.025000000
    0.000000000     0.037500000
    0.000000000     0.050000000
    0.006666670     0.000000000
    0.006666670     0.012500000
    0.006666670     0.025000000
    0.006666670     0.037500000
    0.006666670     0.050000000
    0.013333300     0.000000000
    0.013333300     0.012500000
    0.013333300     0.025000000
    0.013333300     0.037500000
    0.013333300     0.050000000
    0.020000000     0.000000000
    0.020000000     0.012500000
    0.020000000     0.025000000
    0.020000000     0.037500000
    0.020000000     0.050000000
    0.026666700     0.000000000
    0.026666700     0.012500000
    0.026666700     0.025000000
    0.026666700     0.037500000
    0.026666700     0.050000000
    0.033333300     0.000000000
    0.033333300     0.012500000
    0.033333300     0.025000000
    0.033333300     0.037500000
    0.033333300     0.050000000
    0.040000000     0.000000000
    0.040000000     0.012500000
    0.040000000     0.025000000
    0.040000000     0.037500000
    0.040000000     0.050000000
    0.046666700     0.000000000
    0.046666700     0.012500000
    0.046666700     0.025000000
    0.046666700     0.037500000
    0.046666700     0.050000000
    0.053333300     0.000000000
    0.053333300     0.012500000
    0.053333300     0.025000000
    0.053333300     0.037500000
    0.053333300     0.050000000
    0.060000000     0.000000000
    0.060000000     0.012500000
    0.060000000     0.025000000
    0.060000000     0.037500000
    0.060000000     0.050000000
    0.066666700     0.000000000
    0.066666700     0.012500000
    0.066666700     0.025000000
    0.066666700     0.037500000
    0.066666700     0.050000000
    0.073333300     0.000000000
    0.073333300     0.012500000
    0.073333300     0.025000000
    0.073333300     0.037500000
    0.073333300     0.050000000
    0.080000000     0.000000000
    0.080000000     0.012500000
    0.080000000     0.025000000
    0.080000000     0.037500000
    0.080000000     0.050000000
    0.086666700     0.000000000
    0.086666700     0.012500000
    0.086666700     0.025000000
    0.086666700     0.037500000
    0.086666700     0.050000000
    0.093333300     0.000000000
    0.093333300     0.012500000
    0.093333300     0.025000000
    0.093333300     0.037500000
    0.093333300     0.050000000
    0.100000000     0.000000000
    0.100000000     0.012500000
    0.100000000     0.025000000
    0.100000000     0.037500000
    0.100000000     0.050000000
    0.106667000     0.000000000
    0.106667000     0.012500000
    0.106667000     0.025000000
    0.106667000     0.037500000
    0.106667000     0.050000000
    0.113333000     0.000000000
    0.113333000     0.012500000
    0.113333000     0.025000000
    0.113333000     0.037500000
    0.113333000     0.050000000
    0.120000000     0.000000000
    0.120000000     0.012500000
    0.120000000     0.025000000
    0.120000000     0.037500000
    0.120000000     0.050000000
    0.126667000     0.000000000
    0.126667000     0.012500000
    0.126667000     0.025000000
    0.126667000     0.037500000
    0.126667000     0.050000000
    0.133333000     0.000000000
    0.133333000     0.012500000
    0.133333000     0.025000000
    0.133333000     0.037500000
    0.133333000     0.050000000
    0.140000000     0.000000000
    0.140000000     0.012500000
    0.140000000     0.025000000
    0.140000000     0.037500000
    0.140000000     0.050000000
    0.146667000     0.000000000
    0.146667000     0.012500000
    0.146667000     0.025000000
    0.146667000     0.037500000
    0.146667000     0.050000000
    0.153333000     0.000000000
    0.153333000     0.012500000
    0.153333000     0.025000000
    0.153333000     0.037500000
    0.153333000     0.050000000
    0.160000000     0.000000000
    0.160000000     0.012500000
    0.160000000     0.025000000
    0.160000000     0.037500000
    0.160000000     0.050000000
    0.166667000     0.000000000
    0.166667000     0.012500000
    0.166667000     0.025000000
    0.166667000     0.037500000
    0.166667000     0.050000000
    0.173333000     0.000000000
    0.173333000     0.012500000
    0.173333000     0.025000000
    0.173333000     0.037500000
    0.173333000     0.050000000
    0.180000000     0.000000000
    0.180000000     0.012500000
    0.180000000     0.025000000
    0.180000000     0.037500000
    0.180000000     0.050000000
    0.186667000     0.000000000
    0.186667000     0.012500000
    0.186667000     0.025000000
    0.186667000     0.037500000
    0.186667000     0.050000000
    0.193333000     0.000000000
    0.193333000     0.012500000
    0.193333000     0.025000000
    0.193333000     0.037500000
    0.193333000     0.050000000
    0.200000000     0.000000000
    0.200000000     0.012500000
    0.200000000     0.025000000
    0.200000000     0.037500000
    0.200000000     0.050000000
    0.206667000     0.000000000
    0.206667000     0.012500000
    0.206667000     0.025000000
    0.206667000     0.037500000
    0.206667000     0.050000000
    0.213333000     0.000000000
    0.213333000     0.012500000
    0.213333000     0.025000000
    0.213333000     0.037500000
    0.213333000     0.050000000
    0.220000000     0.000000000
    0.220000000     0.012500000
    0.220000000     0.025000000
    0.220000000     0.037500000
    0.220000000     0.050000000
    0.226667000     0.000000000
    0.226667000     0.012500000
    0.226667000     0.025000000
    0.226667000     0.037500000
    0.226667000     0.050000000
    0.233333000     0.000000000
    0.233333000     0.012500000
    0.233333000     0.025000000
    0.233333000     0.037500000
    0.233333000     0.050000000
    0.240000000     0.000000000
    0.240000000     0.012500000
    0.240000000     0.025000000
    0.240000000     0.037500000
    0.240000000     0.050000000
    0.246667000     0.000000000
    0.246667000     0.012500000
    0.246667000     0.025000000
    0.246667000     0.037500000
    0.246667000     0.050000000
    0.253333000     0.000000000
    0.253333000     0.012500000
    0.253333000     0.025000000
    0.253333000     0.037500000
    0.253333000     0.050000000
    0.260000000     0.000000000
    0.260000000     0.012500000
    0.260000000     0.025000000
    0.260000000     0.037500000
    0.260000000     0.050000000
    0.266667000     0.000000000
    0.266667000     0.012500000
    0.266667000     0.025000000
    0.266667000     0.037500000
    0.266667000     0.050000000
    0.273333000     0.000000000
    0.273333000     0.012500000
    0.273333000     0.025000000
    0.273333000     0.037500000
    0.273333000     0.050000000
    0.280000000     0.000000000
    0.280000000     0.012500000
    0.280000000     0.025000000
    0.280000000     0.037500000
    0.280000000     0.050000000
    0.286667000     0.000000000
    0.286667000     0.012500000
    0.286667000     0.025000000
    0.286667000     0.037500000
    0.286667000     0.050000000
    0.293333000     0.000000000
    0.293333000     0.012500000
    0.293333000     0.025000000
    0.293333000     0.037500000
    0.293333000     0.050000000
    0.300000000     0.000000000
    0.300000000     0.012500000
    0.300000000     0.025000000
    0.300000000     0.037500000
    0.300000000     0.050000000
    0.306667000     0.000000000
    0.306667000     0.012500000
    0.306667000     0.025000000
    0.306667000     0.037500000
    0.306667000     0.050000000
    0.313333000     0.000000000
    0.313333000     0.012500000
    0.313333000     0.025000000
    0.313333000     0.037500000
    0.313333000     0.050000000
    0.320000000     0.000000000
    0.320000000     0.012500000
    0.320000000     0.025000000
    0.320000000     0.037500000
    0.320000000     0.050000000
    0.326667000     0.000000000
    0.326667000     0.012500000
    0.326667000     0.025000000
    0.326667000     0.037500000
