X = [
    0.000000000     0.000000000
    0.000000000     0.200000000
    0.000000000     0.400000000
    0.000000000     0.600000000
    0.000000000     0.800000000
    0.000000000     1.000000000
    1.600000000     0.000000000
    1.600000000     0.200000000
    1.600000000     0.400000000
    1.600000000     0.600000000
    1.600000000     0.800000000
    1.600000000     1.000000000
    3.200000000     0.000000000
    3.200000000     0.200000000
    3.200000000     0.400000000
    3.200000000     0.600000000
    3.200000000     0.800000000
    3.200000000     1.000000000
    4.800000000     0.000000000
    4.800000000     0.200000000
    4.800000000     0.400000000
    4.800000000     0.600000000
    4.800000000     0.800000000
    4.800000000     1.000000000
    6.400000000     0.000000000
    6.400000000     0.200000000
    6.400000000     0.400000000
    6.400000000     0.600000000
    6.400000000     0.800000000
    6.400000000     1.000000000
    8.000000000     0.000000000
    8.000000000     0.200000000
    8.000000000     0.400000000
    8.000000000     0.600000000
    8.000000000     0.800000000
    8.000000000     1.000000000
    9.600000000     0.000000000
    9.600000000     0.200000000
    9.600000000     0.400000000
    9.600000000     0.600000000
    9.600000000     0.800000000
    9.600000000     1.000000000
   11.200000000     0.000000000
   11.200000000     0.200000000
   11.200000000     0.400000000
   11.200000000     0.600000000
   11.200000000     0.800000000
   11.200000000     1.000000000
   12.800000000     0.000000000
   12.800000000     0.200000000
   12.800000000     0.400000000
   12.800000000     0.600000000
   12.800000000     0.800000000
   12.800000000     1.000000000
   14.400000000     0.000000000
   14.400000000     0.200000000
   14.400000000     0.400000000
   14.400000000     0.600000000
   14.400000000     0.800000000
   14.400000000     1.000000000
   16.000000000     0.000000000
   16.000000000     0.200000000
   16.000000000     0.400000000
   16.000000000     0.600000000
   16.000000000     0.800000000
   16.000000000     1.000000000
];

IX = [
     1      7      8      2
     2      8      9      3
     3      9     10      4
     4     10     11      5
     5     11     12      6
     7     13     14      8
     8     14     15      9
     9     15     16     10
    10     16     17     11
    11     17     18     12
    13     19     20     14
    14     20     21     15
    15     21     22     16
    16     22     23     17
    17     23     24     18
    19     25     26     20
    20     26     27     21
    21     27     28     22
    22     28     29     23
    23     29     30     24
    25     31     32     26
    26     32     33     27
    27     33     34     28
    28     34     35     29
    29     35     36     30
    31     37     38     32
    32     38     39     33
    33     39     40     34
    34     40     41     35
    35     41     42     36
    37     43     44     38
    38     44     45     39
    39     45     46     40
    40     46     47     41
    41     47     48     42
    43     49     50     44
    44     50     51     45
    45     51     52     46
    46     52     53     47
    47     53     54     48
    49     55     56     50
    50     56     57     51
    51     57     58     52
    52     58     59     53
    53     59     60     54
    55     61     62     56
    56     62     63     57
    57     63     64     58
    58     64     65     59
    59     65     66     60
];
vect = [
   1.4589088484546311      -0.74603921255827466       0.26243118646845476     
   1.0496976136298715      -0.86247722774253432       0.48192684683208142     
  0.72522013067828661       -1.0115554041110715       0.70747534004805535     
  0.44229245938712458       -1.1951693718870562       0.95393708393118970     
  0.22229554924848915       -1.4803051873885962        1.2334954969661625     
   4.1403408491843674        7.8078137620021248E-002  0.12478560697199446     
   2.3170810687926804      -0.16402712724152257       0.34866720615636748     
  0.94246465476617991      -0.85528113395810701       0.81884968024562865     
  0.35343543590104909       -2.3115886981502252        1.2487298374762803     
  0.14570147786319421       -4.1045981850131090        1.4509216075096094     
   6.8187269797814167       -4.5379090370274433E-002   8.1520144448398807E-002
   3.5293354179320935      -0.24416750024352618       0.20187790983349851     
  0.72356916789480596      -0.91515323099291268       0.72045080053645627     
 -0.13097469202559386       -3.5512507716297308        1.3363950944994867     
 -0.36128256859623420       -6.8535184157036788        1.4752524413726920     
   7.5626818780579921        3.7734612045009719E-002  -3.2461093998807339E-002
   3.7812434380548305       -8.8029556556350252E-002  -7.5516549843017824E-002
  0.24095174468543229      -0.42579686908301911      -0.63777150435731100     
 -0.28220207919552931       -3.7858074961264085       -1.4762687124177838     
 -0.41259535252204804       -7.5779853727977091       -1.5265466876192930     
   6.3832182864278604       -1.9032654513236213E-002  -3.6033653066536622E-002
   3.2276550916404316       -2.3218886345407252E-002 -0.11037598469133703     
  0.40676283686624243      -0.37528955366019429      -0.81634642787337086     
  0.10083233854198936       -3.2311206943055355       -1.4695724411120379     
  0.10887719228255488       -6.3630572381255908       -1.5416787643717960     
   5.2209484616922159       -8.2876078053173430E-003  -4.3316132958532198E-002
   2.6475498112072735       -4.4193654474412591E-002 -0.12392925941771371     
  0.36603139533441825      -0.36817150346046484      -0.77887127056268102     
   3.1548585896919334E-002  -2.6451814039732926       -1.4438210459887972     
  -1.3444895446609983E-002  -5.2301195758659258       -1.5246699822424266     
   4.0695742797402827       -9.2740527647627857E-003  -5.5577619344272848E-002
   2.0819941748395121       -5.2865898957993096E-002 -0.16088262302530806     
  0.37387541193742668      -0.37494779722324767      -0.78697011859027899     
   5.5623642970604736E-002  -2.0837912455229466       -1.4104346630101754     
   1.7695389835725273E-002  -4.0656309738424055       -1.5156880844747145     
   2.9119432220994343       -3.4257897971924578E-002  -7.9583155977364109E-002
   1.5235636974913178       -8.3691822827559048E-002 -0.21624728373664145     
  0.36887645963462196      -0.37141020527267482      -0.78084137497973838     
   7.2088223534849782E-002  -1.5202902403976561       -1.3549408271047918     
   1.8182629145739870E-002  -2.9153373843332822       -1.4933038100382936     
   1.7727009104278852        3.7521401526162679E-002 -0.12415438339617341     
  0.98635649399370040       -7.1372638609843053E-002 -0.34074081563368097     
  0.38945691126966919      -0.36532417000323480      -0.80577170770045814     
  0.12707882958917938      -0.98992377403203191       -1.2392631416557220     
   2.3936552086926466E-002  -1.7701572624907214       -1.4395540709033585     
  0.62714969021487121      -0.32054966402737439      -0.26243620892779962     
  0.45202053509873330      -0.37032036591765805      -0.48358727229436765     
  0.31231625406720526      -0.43459549069406495      -0.71049062105960037     
  0.19128374839598541      -0.51230112092654412      -0.95846703239929198     
  0.10006798164003433      -0.62914568574989183       -1.2402836371589534     
];
