X = [
    0.000000000     0.000000000
    0.000000000     0.500000000
    0.000000000     1.000000000
    3.333330000     0.000000000
    3.333330000     0.500000000
    3.333330000     1.000000000
    6.666670000     0.000000000
    6.666670000     0.500000000
    6.666670000     1.000000000
   10.000000000     0.000000000
   10.000000000     0.500000000
   10.000000000     1.000000000
   13.333300000     0.000000000
   13.333300000     0.500000000
   13.333300000     1.000000000
   16.666700000     0.000000000
   16.666700000     0.500000000
   16.666700000     1.000000000
   20.000000000     0.000000000
   20.000000000     0.500000000
   20.000000000     1.000000000
];

IX = [
     1      4      5      2
     2      5      6      3
     4      7      8      5
     5      8      9      6
     7     10     11      8
     8     11     12      9
    10     13     14     11
    11     14     15     12
    13     16     17     14
    14     17     18     15
    16     19     20     17
    17     20     21     18
];
D = [
    0.000000000
    0.000000000
    0.000000000
    0.000000000
    0.000000000
    0.000000000
    0.000000000
    0.000000000
    0.000000000
    0.000000000
    0.000000000
    0.000000000
    0.000000000
    0.000000000
    0.000000000
    0.000000000
    0.000000000
    0.000000000
    0.000000000
    0.000000000
    0.000000000
    0.000000000
    0.000000000
    0.000000000
    0.000000000
    0.000000000
    0.000000000
    0.000000000
    0.000000000
    0.000000000
    0.000000000
    0.000000000
    0.000000000
    0.000000000
    0.000000000
    0.000000000
    0.000000000
    0.000000000
    0.000000000
    0.000000000
    0.000000000
    0.000000000
];
