X = [
    0.000000000     0.000000000
    0.000000000     2.000000000
    0.000000000     4.000000000
    2.000000000     0.000000000
    2.000000000     2.000000000
    2.000000000     4.000000000
    4.000000000     0.000000000
    4.000000000     2.000000000
    4.000000000     4.000000000
    6.000000000     0.000000000
    6.000000000     2.000000000
    6.000000000     4.000000000
];

IX = [
     1      4      5      2
     2      5      6      3
     4      7      8      5
     5      8      9      6
     7     10     11      8
     8     11     12      9
];
D = [
    0.000000000
    0.000000000
    0.000000000
    0.000000000
    0.000000000
    0.000000000
    0.000118550
   -0.000346907
    0.000307970
    0.000000000
    0.000118550
    0.000346907
    0.000702039
   -0.000671309
    0.000821638
    0.000000000
    0.000702039
    0.000671309
    0.001516690
   -0.000833092
    0.001589845
    0.000000000
    0.001516690
    0.000833092
];
