X = [
    0.000000000     0.000000000
    0.000000000     1.000000000
    1.000000000     0.000000000
    1.000000000     1.000000000
];

IX = [
     1      3      0      0
     1      2      0      0
     2      3      0      0
     3      4      0      0
     2      4      0      0
];
D = [
    0.000000000
    0.000000000
    0.000000000
   -0.100000000
   -0.100000000
   -0.482842712
    0.000000000
   -0.482842712
];
