% Created with:       FlExtract v1.13
% Element type:       truss
% Number of nodes:    986
% Number of elements: 3685

%clear all

eta = 0.5;
p = 1.5;
V_star = 6;
iopt_max = 100;
rho_min = 1e-6;
epsilon = 1e-5;

% Node coordinates: x, y
X = [
0	0
0	0.0333333
0	0.0666667
0	0.1
0	0.133333
0	0.166667
0	0.2
0	0.233333
0	0.266667
0	0.3
0	0.333333
0	0.366667
0	0.4
0	0.433333
0	0.466667
0	0.5
0	0.533333
0	0.566667
0	0.6
0	0.633333
0	0.666667
0	0.7
0	0.733333
0	0.766667
0	0.8
0	0.833333
0	0.866667
0	0.9
0	0.933333
0	0.966667
0	1
0.05	0
0.05	0.0333333
0.05	0.0666667
0.05	0.1
0.05	0.133333
0.05	0.166667
0.05	0.2
0.05	0.233333
0.05	0.266667
0.05	0.3
0.05	0.333333
0.05	0.366667
0.05	0.4
0.05	0.433333
0.05	0.466667
0.05	0.5
0.05	0.533333
0.05	0.566667
0.05	0.6
0.05	0.633333
0.05	0.666667
0.05	0.7
0.05	0.733333
0.05	0.766667
0.05	0.8
0.05	0.833333
0.05	0.866667
0.05	0.9
0.05	0.933333
0.05	0.966667
0.05	1
0.1	0
0.1	0.0333333
0.1	0.0666667
0.1	0.1
0.1	0.133333
0.1	0.166667
0.1	0.2
0.1	0.233333
0.1	0.266667
0.1	0.3
0.1	0.333333
0.1	0.366667
0.1	0.4
0.1	0.433333
0.1	0.466667
0.1	0.5
0.1	0.533333
0.1	0.566667
0.1	0.6
0.1	0.633333
0.1	0.666667
0.1	0.7
0.1	0.733333
0.1	0.766667
0.1	0.8
0.1	0.833333
0.1	0.866667
0.1	0.9
0.1	0.933333
0.1	0.966667
0.1	1
0.15	0
0.15	0.0333333
0.15	0.0666667
0.15	0.1
0.15	0.133333
0.15	0.166667
0.15	0.2
0.15	0.233333
0.15	0.266667
0.15	0.3
0.15	0.333333
0.15	0.366667
0.15	0.4
0.15	0.433333
0.15	0.466667
0.15	0.5
0.15	0.533333
0.15	0.566667
0.15	0.6
0.15	0.633333
0.15	0.666667
0.15	0.7
0.15	0.733333
0.15	0.766667
0.15	0.8
0.15	0.833333
0.15	0.866667
0.15	0.9
0.15	0.933333
0.15	0.966667
0.15	1
0.2	0
0.2	0.0333333
0.2	0.0666667
0.2	0.1
0.2	0.133333
0.2	0.166667
0.2	0.2
0.2	0.233333
0.2	0.266667
0.2	0.3
0.2	0.333333
0.2	0.366667
0.2	0.4
0.2	0.433333
0.2	0.466667
0.2	0.5
0.2	0.533333
0.2	0.566667
0.2	0.6
0.2	0.633333
0.2	0.666667
0.2	0.7
0.2	0.733333
0.2	0.766667
0.2	0.8
0.2	0.833333
0.2	0.866667
0.2	0.9
0.2	0.933333
0.2	0.966667
0.2	1
0.25	0
0.25	0.0333333
0.25	0.0666667
0.25	0.1
0.25	0.133333
0.25	0.166667
0.25	0.2
0.25	0.233333
0.25	0.266667
0.25	0.3
0.25	0.333333
0.25	0.366667
0.25	0.4
0.25	0.433333
0.25	0.466667
0.25	0.5
0.25	0.533333
0.25	0.566667
0.25	0.6
0.25	0.633333
0.25	0.666667
0.25	0.7
0.25	0.733333
0.25	0.766667
0.25	0.8
0.25	0.833333
0.25	0.866667
0.25	0.9
0.25	0.933333
0.25	0.966667
0.25	1
0.3	0
0.3	0.0333333
0.3	0.0666667
0.3	0.1
0.3	0.133333
0.3	0.166667
0.3	0.2
0.3	0.233333
0.3	0.266667
0.3	0.3
0.3	0.333333
0.3	0.366667
0.3	0.4
0.3	0.433333
0.3	0.466667
0.3	0.5
0.3	0.533333
0.3	0.566667
0.3	0.6
0.3	0.633333
0.3	0.666667
0.3	0.7
0.3	0.733333
0.3	0.766667
0.3	0.8
0.3	0.833333
0.3	0.866667
0.3	0.9
0.3	0.933333
0.3	0.966667
0.3	1
0.35	0
0.35	0.0333333
0.35	0.0666667
0.35	0.1
0.35	0.133333
0.35	0.166667
0.35	0.2
0.35	0.233333
0.35	0.266667
0.35	0.3
0.35	0.333333
0.35	0.366667
0.35	0.4
0.35	0.433333
0.35	0.466667
0.35	0.5
0.35	0.533333
0.35	0.566667
0.35	0.6
0.35	0.633333
0.35	0.666667
0.35	0.7
0.35	0.733333
0.35	0.766667
0.35	0.8
0.35	0.833333
0.35	0.866667
0.35	0.9
0.35	0.933333
0.35	0.966667
0.35	1
0.4	0
0.4	0.0333333
0.4	0.0666667
0.4	0.1
0.4	0.133333
0.4	0.166667
0.4	0.2
0.4	0.233333
0.4	0.266667
0.4	0.3
0.4	0.333333
0.4	0.366667
0.4	0.4
0.4	0.433333
0.4	0.466667
0.4	0.5
0.4	0.533333
0.4	0.566667
0.4	0.6
0.4	0.633333
0.4	0.666667
0.4	0.7
0.4	0.733333
0.4	0.766667
0.4	0.8
0.4	0.833333
0.4	0.866667
0.4	0.9
0.4	0.933333
0.4	0.966667
0.4	1
0.45	0
0.45	0.0333333
0.45	0.0666667
0.45	0.1
0.45	0.133333
0.45	0.166667
0.45	0.2
0.45	0.233333
0.45	0.266667
0.45	0.3
0.45	0.333333
0.45	0.366667
0.45	0.4
0.45	0.433333
0.45	0.466667
0.45	0.5
0.45	0.533333
0.45	0.566667
0.45	0.6
0.45	0.633333
0.45	0.666667
0.45	0.7
0.45	0.733333
0.45	0.766667
0.45	0.8
0.45	0.833333
0.45	0.866667
0.45	0.9
0.45	0.933333
0.45	0.966667
0.45	1
0.5	0
0.5	0.0333333
0.5	0.0666667
0.5	0.1
0.5	0.133333
0.5	0.166667
0.5	0.2
0.5	0.233333
0.5	0.266667
0.5	0.3
0.5	0.333333
0.5	0.366667
0.5	0.4
0.5	0.433333
0.5	0.466667
0.5	0.5
0.5	0.533333
0.5	0.566667
0.5	0.6
0.5	0.633333
0.5	0.666667
0.5	0.7
0.5	0.733333
0.5	0.766667
0.5	0.8
0.5	0.833333
0.5	0.866667
0.5	0.9
0.5	0.933333
0.5	0.966667
0.5	1
0.55	0.5
0.55	0.533333
0.55	0.566667
0.55	0.6
0.55	0.633333
0.55	0.666667
0.55	0.7
0.55	0.733333
0.55	0.766667
0.55	0.8
0.55	0.833333
0.55	0.866667
0.55	0.9
0.55	0.933333
0.55	0.966667
0.55	1
0.6	0.5
0.6	0.533333
0.6	0.566667
0.6	0.6
0.6	0.633333
0.6	0.666667
0.6	0.7
0.6	0.733333
0.6	0.766667
0.6	0.8
0.6	0.833333
0.6	0.866667
0.6	0.9
0.6	0.933333
0.6	0.966667
0.6	1
0.65	0.5
0.65	0.533333
0.65	0.566667
0.65	0.6
0.65	0.633333
0.65	0.666667
0.65	0.7
0.65	0.733333
0.65	0.766667
0.65	0.8
0.65	0.833333
0.65	0.866667
0.65	0.9
0.65	0.933333
0.65	0.966667
0.65	1
0.7	0.5
0.7	0.533333
0.7	0.566667
0.7	0.6
0.7	0.633333
0.7	0.666667
0.7	0.7
0.7	0.733333
0.7	0.766667
0.7	0.8
0.7	0.833333
0.7	0.866667
0.7	0.9
0.7	0.933333
0.7	0.966667
0.7	1
0.75	0.5
0.75	0.533333
0.75	0.566667
0.75	0.6
0.75	0.633333
0.75	0.666667
0.75	0.7
0.75	0.733333
0.75	0.766667
0.75	0.8
0.75	0.833333
0.75	0.866667
0.75	0.9
0.75	0.933333
0.75	0.966667
0.75	1
0.8	0.5
0.8	0.533333
0.8	0.566667
0.8	0.6
0.8	0.633333
0.8	0.666667
0.8	0.7
0.8	0.733333
0.8	0.766667
0.8	0.8
0.8	0.833333
0.8	0.866667
0.8	0.9
0.8	0.933333
0.8	0.966667
0.8	1
0.85	0.5
0.85	0.533333
0.85	0.566667
0.85	0.6
0.85	0.633333
0.85	0.666667
0.85	0.7
0.85	0.733333
0.85	0.766667
0.85	0.8
0.85	0.833333
0.85	0.866667
0.85	0.9
0.85	0.933333
0.85	0.966667
0.85	1
0.9	0.5
0.9	0.533333
0.9	0.566667
0.9	0.6
0.9	0.633333
0.9	0.666667
0.9	0.7
0.9	0.733333
0.9	0.766667
0.9	0.8
0.9	0.833333
0.9	0.866667
0.9	0.9
0.9	0.933333
0.9	0.966667
0.9	1
0.95	0.5
0.95	0.533333
0.95	0.566667
0.95	0.6
0.95	0.633333
0.95	0.666667
0.95	0.7
0.95	0.733333
0.95	0.766667
0.95	0.8
0.95	0.833333
0.95	0.866667
0.95	0.9
0.95	0.933333
0.95	0.966667
0.95	1
1	0.5
1	0.533333
1	0.566667
1	0.6
1	0.633333
1	0.666667
1	0.7
1	0.733333
1	0.766667
1	0.8
1	0.833333
1	0.866667
1	0.9
1	0.933333
1	0.966667
1	1
1.05	0.5
1.05	0.533333
1.05	0.566667
1.05	0.6
1.05	0.633333
1.05	0.666667
1.05	0.7
1.05	0.733333
1.05	0.766667
1.05	0.8
1.05	0.833333
1.05	0.866667
1.05	0.9
1.05	0.933333
1.05	0.966667
1.05	1
1.1	0.5
1.1	0.533333
1.1	0.566667
1.1	0.6
1.1	0.633333
1.1	0.666667
1.1	0.7
1.1	0.733333
1.1	0.766667
1.1	0.8
1.1	0.833333
1.1	0.866667
1.1	0.9
1.1	0.933333
1.1	0.966667
1.1	1
1.15	0.5
1.15	0.533333
1.15	0.566667
1.15	0.6
1.15	0.633333
1.15	0.666667
1.15	0.7
1.15	0.733333
1.15	0.766667
1.15	0.8
1.15	0.833333
1.15	0.866667
1.15	0.9
1.15	0.933333
1.15	0.966667
1.15	1
1.2	0.5
1.2	0.533333
1.2	0.566667
1.2	0.6
1.2	0.633333
1.2	0.666667
1.2	0.7
1.2	0.733333
1.2	0.766667
1.2	0.8
1.2	0.833333
1.2	0.866667
1.2	0.9
1.2	0.933333
1.2	0.966667
1.2	1
1.25	0.5
1.25	0.533333
1.25	0.566667
1.25	0.6
1.25	0.633333
1.25	0.666667
1.25	0.7
1.25	0.733333
1.25	0.766667
1.25	0.8
1.25	0.833333
1.25	0.866667
1.25	0.9
1.25	0.933333
1.25	0.966667
1.25	1
1.3	0.5
1.3	0.533333
1.3	0.566667
1.3	0.6
1.3	0.633333
1.3	0.666667
1.3	0.7
1.3	0.733333
1.3	0.766667
1.3	0.8
1.3	0.833333
1.3	0.866667
1.3	0.9
1.3	0.933333
1.3	0.966667
1.3	1
1.35	0.5
1.35	0.533333
1.35	0.566667
1.35	0.6
1.35	0.633333
1.35	0.666667
1.35	0.7
1.35	0.733333
1.35	0.766667
1.35	0.8
1.35	0.833333
1.35	0.866667
1.35	0.9
1.35	0.933333
1.35	0.966667
1.35	1
1.4	0.5
1.4	0.533333
1.4	0.566667
1.4	0.6
1.4	0.633333
1.4	0.666667
1.4	0.7
1.4	0.733333
1.4	0.766667
1.4	0.8
1.4	0.833333
1.4	0.866667
1.4	0.9
1.4	0.933333
1.4	0.966667
1.4	1
1.45	0.5
1.45	0.533333
1.45	0.566667
1.45	0.6
1.45	0.633333
1.45	0.666667
1.45	0.7
1.45	0.733333
1.45	0.766667
1.45	0.8
1.45	0.833333
1.45	0.866667
1.45	0.9
1.45	0.933333
1.45	0.966667
1.45	1
1.5	0
1.5	0.0333333
1.5	0.0666667
1.5	0.1
1.5	0.133333
1.5	0.166667
1.5	0.2
1.5	0.233333
1.5	0.266667
1.5	0.3
1.5	0.333333
1.5	0.366667
1.5	0.4
1.5	0.433333
1.5	0.466667
1.5	0.5
1.5	0.533333
1.5	0.566667
1.5	0.6
1.5	0.633333
1.5	0.666667
1.5	0.7
1.5	0.733333
1.5	0.766667
1.5	0.8
1.5	0.833333
1.5	0.866667
1.5	0.9
1.5	0.933333
1.5	0.966667
1.5	1
1.55	0
1.55	0.0333333
1.55	0.0666667
