X = [
    0.000000000     0.000000000
    2.000000000     0.000000000
    4.000000000     0.000000000
    6.000000000     0.000000000
    0.000000000     2.000000000
    2.000000000     2.000000000
    4.000000000     2.000000000
    6.000000000     2.000000000
    0.000000000     4.000000000
    2.000000000     4.000000000
    4.000000000     4.000000000
    6.000000000     4.000000000
];

IX = [
     1      2      6      5
     2      3      7      6
     3      4      8      7
     5      6     10      9
     6      7     11     10
     7      8     12     11
];
D = [
    0.000000000
    0.000000000
    1.980026420
    0.618477411
    3.919454634
    0.613853448
    5.916376585
    0.598586019
    0.000000000
    0.000000000
    1.845516804
    0.000000000
    3.915787847
    0.000000000
    5.922597736
    0.000000000
    0.000000000
    0.000000000
    1.980026420
   -0.618477411
    3.919454634
   -0.613853448
    5.916376585
   -0.598586019
];
