X = [
    0.000000000     0.000000000
    2.000000000     0.000000000
    4.000000000     0.000000000
    6.000000000     0.000000000
    0.000000000     2.000000000
    2.000000000     2.000000000
    4.000000000     2.000000000
    6.000000000     2.000000000
    0.000000000     4.000000000
    2.000000000     4.000000000
    4.000000000     4.000000000
    6.000000000     4.000000000
];

IX = [
     1      2      6      5
     2      3      7      6
     3      4      8      7
     5      6     10      9
     6      7     11     10
     7      8     12     11
];
plotval = [
               0.939282442019390
               1.004347375116867
               1.001560792424111
               0.939282442019390
               1.004347375116867
               1.001560792424111
];
