X = [
    0.000000000     0.000000000
    2.000000000     0.000000000
    4.000000000     0.000000000
    6.000000000     0.000000000
    0.000000000     2.000000000
    2.000000000     2.000000000
    4.000000000     2.000000000
    6.000000000     2.000000000
    0.000000000     4.000000000
    2.000000000     4.000000000
    4.000000000     4.000000000
    6.000000000     4.000000000
];

IX = [
     1      2      6      5
     2      3      7      6
     3      4      8      7
     5      6     10      9
     6      7     11     10
     7      8     12     11
];
vect = [
   1.0025264548547304       0.14285419242236785       -5.4237824962530740E-002
   1.0001869886499493       -8.2697033060609715E-003   1.3617344322995609E-002
   1.0000014896513614       -3.1113564425234719E-003   1.2186178361449172E-003
   1.0025264548547299       0.14285419242236774        5.4237824962530788E-002
   1.0001869886499484       -8.2697033060610825E-003  -1.3617344322995736E-002
   1.0000014896513609       -3.1113564425234164E-003  -1.2186178361452730E-003
];
