X = [
    0.000000000     0.000000000
    0.000000000     2.000000000
    2.000000000     0.000000000
    2.000000000     2.000000000
    4.000000000     0.000000000
    4.000000000     2.000000000
];

IX = [
     1      2      0      0
     1      3      0      0
     2      3      0      0
     2      4      0      0
     3      4      0      0
     3      5      0      0
     3      6      0      0
     4      6      0      0
     5      6      0      0
];
plotval = [
              -0.010000000000000
              -0.020000000000000
               0.014142135623731
               0.010000000000000
               0.000000000000000
               0.000000000000000
              -0.014142135623731
               0.010000000000000
               0.010000000000000
];
