X = [
    0.000000000     0.000000000
    0.000000000     2.000000000
    0.000000000     4.000000000
    2.000000000     0.000000000
    2.000000000     2.000000000
    2.000000000     4.000000000
    4.000000000     0.000000000
    4.000000000     2.000000000
    4.000000000     4.000000000
    6.000000000     0.000000000
    6.000000000     2.000000000
    6.000000000     4.000000000
];

IX = [
     1      4      5      2
     2      5      6      3
     4      7      8      5
     5      8      9      6
     7     10     11      8
     8     11     12      9
];
D = [
    0.000000000
    0.000000000
    0.000000000
    0.000000000
    0.000000000
    0.000000000
    1.479885556
   -0.010750824
    1.520114444
   -0.000000000
    1.479885556
    0.010750824
    3.043003295
   -0.160915554
    2.956996705
   -0.000000000
    3.043003295
    0.160915554
    5.123547772
    0.333275533
    3.876452228
   -0.000000000
    5.123547772
   -0.333275533
];
