X = [
    0.000000000     0.000000000
    0.000000000     2.000000000
    2.000000000     0.000000000
    2.000000000     2.000000000
    4.000000000     0.000000000
    4.000000000     2.000000000
    6.000000000     0.000000000
    6.000000000     2.000000000
];

IX = [
     1      3      4      2
     3      5      6      4
     5      7      8      6
];
plotval = [
               0.100000000000000
               0.100000000000000
               0.100000000000000
];
