X = [
    0.000000000     0.000000000
    0.000000000     2.000000000
    2.000000000     0.000000000
    2.000000000     2.000000000
    4.000000000     0.000000000
    4.000000000     2.000000000
];

IX = [
     1      2      0      0
     1      3      0      0
     2      3      0      0
     2      4      0      0
     3      4      0      0
     3      5      0      0
     3      6      0      0
     4      6      0      0
     5      6      0      0
];
D = [
    0.000000000
    0.000000000
    0.000000000
   -0.020000000
   -0.040000000
   -0.116568542
    0.020000000
   -0.116568542
   -0.040000000
   -0.273137085
    0.040000000
   -0.253137085
];
